	GCF_002573955.1:379	GCF_009735685.1:380
GCF_002573955.1:379	1.0	0.9457160755
GCF_009735685.1:380	0.9482143604000001	1.0
