	GCF_016612705.1:276	GCF_016612725.1:277
GCF_016612705.1:276	1.0	0.999606591
GCF_016612725.1:277	0.9867505508000001	1.0
