	GCF_002155885.1:472	GCF_017942185.1:473	GCF_018138705.1:474	GCF_018138715.1:475
GCF_002155885.1:472	1.0	0.9136180452	0.9300497879	0.9354811527
GCF_017942185.1:473	0.9561443197	1.0	0.9369936037000001	0.952152682
GCF_018138705.1:474	0.9214083321000001	0.8870003331	1.0	1.0437290464
GCF_018138715.1:475	0.9103178224	0.8853312991000001	1.025179318	1.0
