	GCF_014191845.1:201	GCF_014650255.1:202
GCF_014191845.1:201	1.0	0.9996516778000001
GCF_014650255.1:202	0.9994898826	1.0
