	GCF_004798565.1:359	GCF_017948495.1:360	GCF_018619135.1:361	GCF_018619155.1:362
GCF_004798565.1:359	1.0	0.9376533493	0.9533456355000001	0.9404343579000001
GCF_017948495.1:360	0.9257819982000001	1.0	0.9071464087000001	0.9018801555
GCF_018619135.1:361	0.9749095447	0.9395608298	1.0	0.9556860954
GCF_018619155.1:362	0.9404364193	0.9134470143000001	0.9345494359000001	1.0
