	GCF_002019855.1:630	GCF_013363615.1:631
GCF_002019855.1:630	1.0	0.9641148484000001
GCF_013363615.1:631	0.9641148484000001	1.0
