	GCF_001418385.1:256	GCF_008704395.1:257
GCF_001418385.1:256	1.0	0.999255239
GCF_008704395.1:257	0.9471266715000001	1.0
