	GCF_000819545.1:584	GCF_008704995.1:585	GCF_014205035.1:586	GCF_017352335.1:587
GCF_000819545.1:584	1.0	0.9995807603	0.9996049132	0.9995041309
GCF_008704995.1:585	0.9995807603	1.0	0.9999523886	0.9999249960000001
GCF_014205035.1:586	0.9996049132	0.9999523886	1.0	0.9999473098
GCF_017352335.1:587	0.9995041309	0.9999249960000001	0.9999473098	1.0
