	GCF_014203535.1:594	GCF_014649635.1:595
GCF_014203535.1:594	1.0	1.0006515823
GCF_014649635.1:595	1.0009215346	1.0
