	GCF_018070175.1:646	GCF_018070265.1:647
GCF_018070175.1:646	1.0	0.9999194486
GCF_018070265.1:647	0.9999194486	1.0
