	GCF_000721235.1:817	GCF_001767375.1:818	GCF_011650445.1:819	GCF_015244315.1:820
GCF_000721235.1:817	1.0	0.9875790211000001	0.9874357856	0.9786589143000001
GCF_001767375.1:818	0.9875790211000001	1.0	0.9930485886	0.9786835235
GCF_011650445.1:819	0.9874357856	0.9930485886	1.0	0.9787539321000001
GCF_015244315.1:820	0.9786589143000001	0.9786835235	0.9787539321000001	1.0
