	GCF_014203495.1:514	GCF_014650615.1:515
GCF_014203495.1:514	1.0	1.0122896613
GCF_014650615.1:515	1.0118138725	1.0
