	GCF_003330865.1:714	GCF_014648655.1:715	GCF_900091955.1:716
GCF_003330865.1:714	1.0	0.8685237906000001	0.6984679848
GCF_014648655.1:715	0.8521031981	1.0	0.6947286081
GCF_900091955.1:716	0.7193737447	0.7293110362	1.0
