	GCF_003950055.1:267	GCF_004522685.1:268	GCF_011007525.1:269	GCF_013364375.1:270	GCF_014280945.1:271	GCF_018310575.1:272
GCF_003950055.1:267	1.0	0.9538502711	0.8086750993	0.9674947626	0.8113743523	0.8995836053
GCF_004522685.1:268	0.8969638689	1.0	0.7581883041	0.8956192218000001	0.76114939	0.8427249204
GCF_011007525.1:269	0.8299611007000001	0.8274961965000001	1.0	0.8322129242	0.9620616052000001	0.8255218350000001
GCF_013364375.1:270	0.9354126206000001	0.920838071	0.7839807355	1.0	0.7876762006	0.8691136422
GCF_014280945.1:271	0.7779413684	0.7760697449	0.8987622159	0.7811217166000001	1.0	0.7846533279
GCF_018310575.1:272	0.8918887787	0.8885057911	0.7974694693000001	0.8912327407	0.8113745813000001	1.0
