	GCF_000647875.1:768	GCF_002094995.1:769	GCF_004794175.1:770	GCF_009862115.1:771	GCF_011055525.1:772
GCF_000647875.1:768	1.0	0.9095367255000001	0.8922390176	0.9999046325000001	0.9003346747000001
GCF_002094995.1:769	0.9158461662	1.0	0.9145379344000001	0.9148673273000001	0.9407237488
GCF_004794175.1:770	0.9468432624	0.9638208447000001	1.0	0.9474772426	0.957548974
GCF_009862115.1:771	0.9999046325000001	0.90856463	0.8928364363	1.0	0.9003346747000001
GCF_011055525.1:772	0.9351894458000001	0.9704103872000001	0.9372592464	0.9351894458000001	1.0
