	GCF_000226455.1:85	GCF_009862985.1:86	GCF_900236475.1:87	GCF_900236505.1:88
GCF_000226455.1:85	1.0	0.9964195972000001	1.0119235071	1.0119235071
GCF_009862985.1:86	0.9964195972000001	1.0	1.0119235071	1.0119235071
GCF_900236475.1:87	1.0018277213	1.0018277213	1.0	1.0
GCF_900236505.1:88	1.0018277213	1.0018277213	1.0	1.0
