	GCF_000722185.1:622	GCF_001427245.1:623	GCF_001700505.1:624	GCF_017876255.1:625
GCF_000722185.1:622	1.0	0.5165632343000001	0.860071566	0.5129747505
GCF_001427245.1:623	0.4974402693	1.0	0.4977520031	0.8970071691
GCF_001700505.1:624	0.9436107938	0.5670924681	1.0	0.5617029661
GCF_017876255.1:625	0.5165484155	0.9379798559	0.5155412877000001	1.0
