	GCF_018614035.1:705	GCF_018614615.1:706
GCF_018614035.1:705	1.0	0.9446663447
GCF_018614615.1:706	0.9446663447	1.0
