	GCF_000717875.1:208	GCF_000721955.1:209	GCF_000722015.1:210
GCF_000717875.1:208	1.0	0.9953938001	0.9974974542
GCF_000721955.1:209	0.9953938001	1.0	0.9962595742
GCF_000722015.1:210	0.9974974542	0.9962595742	1.0
