	GCF_000612545.1:717	GCF_000719345.1:718	GCF_000956015.1:719	GCF_001941845.1:720
GCF_000612545.1:717	1.0	0.9078091425	0.910371578	0.9099099253
GCF_000719345.1:718	0.9078091425	1.0	0.9153546083	0.9150204379
GCF_000956015.1:719	0.910371578	0.9153546083	1.0	0.9949140270000001
GCF_001941845.1:720	0.9099099253	0.9150204379	0.9949140270000001	1.0
