	GCF_013358055.1:231	GCF_013358065.1:232	GCF_013358105.1:233	GCF_013358115.1:234	GCF_013358135.1:235	GCF_013358235.1:236	GCF_013358245.1:237	GCF_013358325.1:238	GCF_013358335.1:239
GCF_013358055.1:231	1.0	0.9531564354000001	0.9222054217000001	0.9547051867	0.9212069046	0.9510759295000001	0.9858475315	0.9895298384000001	0.9526552284
GCF_013358065.1:232	0.9369362456	1.0	0.9154416758	0.9930802672000001	0.9141083439000001	0.9726691685000001	0.9507349328	0.9507795419	0.9680772675
GCF_013358105.1:233	0.9269143372	0.9360450542000001	1.0	0.9384404396	0.9807824589	0.9371892999	0.9381430065	0.9392682993	0.9356183627
GCF_013358115.1:234	0.9407021421	0.9954543478000001	0.9199784125	1.0	0.9195378195	0.9809919451	0.9531089806	0.9532711218000001	0.9744141394
GCF_013358135.1:235	0.943428021	0.9523649515	0.9993378764	0.955736851	1.0	0.9546165322000001	0.9568772536000001	0.9556612790000001	0.9503923562000001
GCF_013358235.1:236	0.9558087158	0.9944319983000001	0.937068176	1.0005490558	0.9367704023000001	1.0	0.9695344788	0.9698285887	0.9925019648000001
GCF_013358245.1:237	0.9698359882	0.9514854208	0.9182176978000001	0.9515864581000001	0.9191643811	0.9490651024000001	1.0	0.9836073541	0.948366251
GCF_013358325.1:238	0.9795387791000001	0.9574733886000001	0.9250612219000001	0.9576930271	0.9237302003000001	0.9552827282	0.9897510345	1.0	0.9556228256
GCF_013358335.1:239	0.9563879421	0.9886953764	0.9345125647	0.9927938151000001	0.9316433421	0.9914570742000001	0.9678005954000001	0.9691524807	1.0
