	GCF_001905735.1:283	GCF_009865545.1:284
GCF_001905735.1:283	1.0	0.891334994
GCF_009865545.1:284	0.9111539503	1.0
