	GCF_007679425.1:46	GCF_009834145.1:47
GCF_007679425.1:46	1.0	0.9351724215
GCF_009834145.1:47	0.9152985383000001	1.0
