	GCF_000412265.2:31	GCF_000718155.1:32	GCF_001905425.1:33	GCF_002803195.1:34	GCF_002803845.1:35	GCF_017825375.1:36	GCF_018255875.1:37
GCF_000412265.2:31	8716193	4452439	7197884	7415359	4581408	7050128	4523635
GCF_000718155.1:32	4452439	8466185	4438678	4445859	8494043	4347304	7886308
GCF_001905425.1:33	7197884	4438678	8048201	7129662	4549879	6806196	4491577
GCF_002803195.1:34	7415359	4445859	7129662	8451160	4565075	6966443	4516753
GCF_002803845.1:35	4581408	8494043	4549879	4565075	8932792	4466630	8096627
GCF_017825375.1:36	7050128	4347304	6806196	6966443	4466630	7536885	4424694
GCF_018255875.1:37	4523635	7886308	4491577	4516753	8096627	4424694	8035918
