	GCF_014205255.1:653	GCF_014650295.1:654
GCF_014205255.1:653	1.0	0.9999495363
GCF_014650295.1:654	0.9999495363	1.0
