	GCF_002300485.1:644	GCF_900230275.1:645
GCF_002300485.1:644	1.0	0.9932265547
GCF_900230275.1:645	0.9932265547	1.0
