	GCF_003112515.1:815	GCF_013421635.1:816
GCF_003112515.1:815	1.0	0.8993561161
GCF_013421635.1:816	0.8993561161	1.0
