	GCF_008704855.1:493	GCF_009811555.1:494	GCF_009811575.1:495	GCF_012273495.1:496
GCF_008704855.1:493	1.0	0.901370435	0.977659165	0.9643611681
GCF_009811555.1:494	0.901370435	1.0	0.900817767	0.9012265932
GCF_009811575.1:495	0.977659165	0.900817767	1.0	0.9648230097
GCF_012273495.1:496	0.9643611681	0.9012265932	0.9648230097	1.0
