	GCF_000721335.1:264	GCF_000725645.1:265	GCF_001279355.1:266
GCF_000721335.1:264	1.0	0.9810436570000001	0.9602435065
GCF_000725645.1:265	0.9606583133000001	1.0	0.9468759181
GCF_001279355.1:266	0.9312569921	0.9377792687000001	1.0
