	GCF_001282115.1:558	GCF_002156095.1:559
GCF_001282115.1:558	1.0	0.9883823129
GCF_002156095.1:559	1.0032372362	1.0
