	GCF_001513985.1:120	GCF_001514195.1:121	GCF_003595235.1:122
GCF_001513985.1:120	1.0	0.9293763116	0.9365378123
GCF_001514195.1:121	0.9001015025	1.0	0.8919792779
GCF_003595235.1:122	0.9408284658	0.925209343	1.0
