	GCF_000297155.3:42	GCF_003932715.1:43	GCF_009862825.1:44	GCF_016919685.1:45
GCF_000297155.3:42	1.0	0.9999772379	0.9999787102000001	0.9998446896000001
GCF_003932715.1:43	0.9999772379	1.0	0.999962361	0.9998272693
GCF_009862825.1:44	0.9999787102000001	0.999962361	1.0	0.9998636923
GCF_016919685.1:45	0.9998446896000001	0.9998272693	0.9998636923	1.0
