	GCF_001592685.1:138	GCF_002943895.1:139	GCF_003116715.1:140	GCF_009299385.1:141	GCF_011758705.1:142	GCF_014197485.1:143
GCF_001592685.1:138	1.0	1.0066128263	0.8874373952	0.9086051132	0.9052941906	0.9036352507000001
GCF_002943895.1:139	0.9949126808000001	1.0	0.8787538398	0.8976795585	0.8946684259000001	0.8928773584
GCF_003116715.1:140	0.9548988007	0.9566748391000001	1.0	0.9486203505	0.9450537172000001	0.9476266230000001
GCF_009299385.1:141	0.9382121189	0.9378312312	0.9103296255000001	1.0	0.9968793287000001	0.9995963628000001
GCF_011758705.1:142	0.9402332051000001	0.9401246835	0.9121845730000001	1.002680525	1.0	0.9971289265000001
GCF_014197485.1:143	0.9396732063000001	0.9394052504	0.9158014146000001	1.0066592407	0.9983645310000001	1.0
