	GCF_014596505.1:608	GCF_014596525.1:609
GCF_014596505.1:608	1.0	0.9730492084000001
GCF_014596525.1:609	0.9837838197000001	1.0
