	GCF_004364245.1:281	GCF_014650435.1:282
GCF_004364245.1:281	1.0	0.694015614
GCF_014650435.1:282	0.6027099287000001	1.0
