	GCF_001746415.1:38	GCF_001746455.1:39	GCF_001746465.1:40	GCF_001746475.1:41
GCF_001746415.1:38	1.0	0.9220745006000001	0.9092526761	0.9111604985
GCF_001746455.1:39	0.939190513	1.0	0.9184112949000001	0.9152670366000001
GCF_001746465.1:40	0.8724028242	0.8651312626000001	1.0	0.8861455752
GCF_001746475.1:41	0.9223006699	0.9095734542	0.9348678806	1.0
