	GCF_003129505.1:348	GCF_003268535.2:349	GCF_003268555.1:350
GCF_003129505.1:348	1.0	0.8862426840000001	0.8651539883
GCF_003268535.2:349	0.8931001048	1.0	0.9733972340000001
GCF_003268555.1:350	0.8963527949000001	1.0007559786	1.0
