	GCF_003129505.1:348	GCF_003268535.2:349	GCF_003268555.1:350
GCF_003129505.1:348	1.0	0.9823722545	0.9828401385000001
GCF_003268535.2:349	0.9823722545	1.0	0.9996681106
GCF_003268555.1:350	0.9828401385000001	0.9996681106	1.0
