	GCF_003671675.1:737	GCF_003671735.1:738	GCF_009739225.1:739	GCF_016432685.1:740	GCF_018638305.1:741	GCF_018966745.1:742
GCF_003671675.1:737	1.0	0.9020602675	0.9431568292	0.9186175382	0.7199228169	0.9481300174
GCF_003671735.1:738	0.8577111966000001	1.0	0.8895088253000001	0.8672178957000001	0.6793013636	0.896927475
GCF_009739225.1:739	0.8966141629000001	0.8893371145000001	1.0	0.9224690924000001	0.7170743823	0.9429604332
GCF_016432685.1:740	0.8287933601	0.8228756978	0.8754708160000001	1.0	0.6861181997	0.8797715293
GCF_018638305.1:741	0.6566085549	0.6515947251	0.6879599009	0.6935982805	1.0	0.6926294093
GCF_018966745.1:742	0.8606332805	0.8562528739	0.9003720998	0.8851331634	0.6893353796	1.0
