	GCF_001509775.1:220	GCF_001598115.1:221	GCF_002154275.1:222
GCF_001509775.1:220	1.0	0.9932750069	0.9933205111000001
GCF_001598115.1:221	0.9932750069	1.0	0.9930826996000001
GCF_002154275.1:222	0.9933205111000001	0.9930826996000001	1.0
