	GCF_001975025.1:578	GCF_003573485.1:579	GCF_004127445.1:580	GCF_004212445.1:581	GCF_016128295.1:582	GCF_018141485.1:583
GCF_001975025.1:578	1	628	949	389	55229	20539
GCF_003573485.1:579	628	1	764	283	51934	19796
GCF_004127445.1:580	949	764	1	0	50910	19590
GCF_004212445.1:581	389	283	0	1	49658	19018
GCF_016128295.1:582	55229	51934	50910	49658	1	51681
GCF_018141485.1:583	20539	19796	19590	19018	51681	1
