	GCF_003665435.1:839	GCF_006715925.1:840	GCF_013364175.1:841
GCF_003665435.1:839	1.0	0.9360898265	0.9421453888
GCF_006715925.1:840	0.9248042536000001	1.0	0.9196186245
GCF_013364175.1:841	0.9372896939	0.9260434829	1.0
