	GCF_001723055.1:791	GCF_004563805.1:792
GCF_001723055.1:791	1.0	0.9366982745
GCF_004563805.1:792	0.9124299145	1.0
