	GCF_000403765.2:103	GCF_000695235.1:104	GCF_000935185.3:105	GCF_003851665.1:106
GCF_000403765.2:103	1.0	0.9422375784	0.9279116235	0.9994967956
GCF_000695235.1:104	0.935398304	1.0	0.9500897369	0.9628448463
GCF_000935185.3:105	0.9247464016	0.9537718592000001	1.0	0.9554972902000001
GCF_003851665.1:106	0.9672914538	0.9386336021	0.9278747771	1.0
