	GCF_002155885.1:472	GCF_017942185.1:473	GCF_018138705.1:474	GCF_018138715.1:475
GCF_002155885.1:472	1.0	0.9142321430000001	0.9327864939	0.9380086605
GCF_017942185.1:473	0.9567870019	1.0	0.9396268984	0.9545916691
GCF_018138705.1:474	0.9241196103	0.8894931285000001	1.0	1.0453675388
GCF_018138715.1:475	0.9127773433	0.8875991198000001	1.0267886902	1.0
