	GCF_000612545.1:717	GCF_000719345.1:718	GCF_000956015.1:719	GCF_001941845.1:720
GCF_000612545.1:717	1.0	0.6246238365	0.6385183387000001	0.6417878142
GCF_000719345.1:718	0.5851275712	1.0	0.6520522235	0.6528893264
GCF_000956015.1:719	0.6744368837	0.7352216872	1.0	0.9499689399000001
GCF_001941845.1:720	0.6328831222	0.6872893385000001	0.8868976724000001	1.0
