	GCF_000245355.1:95	GCF_000340845.1:96	GCF_001447075.1:97	GCF_001514055.1:98
GCF_000245355.1:95	1.0	0.9745006685000001	0.8471554026	0.8738675021000001
GCF_000340845.1:96	1.0040638217	1.0	0.8686021723	0.8947217649
GCF_001447075.1:97	0.8347552442	0.8306877478	1.0	0.8517266955
GCF_001514055.1:98	0.8801515721000001	0.8746226192000001	0.8705947992	1.0
