	GCF_000717875.1:208	GCF_000721955.1:209	GCF_000722015.1:210
GCF_000717875.1:208	1.0	0.9483654288000001	0.9513666167
GCF_000721955.1:209	0.9339191166	1.0	0.9326904214
GCF_000722015.1:210	0.9666654942	0.9623482788000001	1.0
