	GCF_001975025.1:578	GCF_003573485.1:579	GCF_004127445.1:580	GCF_004212445.1:581	GCF_016128295.1:582	GCF_018141485.1:583
GCF_001975025.1:578	8625867	8220072	8298021	7983287	8082038	7861145
GCF_003573485.1:579	8220072	8081458	8038024	7897942	7779321	7654765
GCF_004127445.1:580	8298021	8038024	8273342	7920674	7669156	7540736
GCF_004212445.1:581	7983287	7897942	7920674	7928771	7624078	7504646
GCF_016128295.1:582	8082038	7779321	7669156	7624078	8856609	7885942
GCF_018141485.1:583	7861145	7654765	7540736	7504646	7885942	8278595
