	GCF_014252945.1:242	GCF_902506575.1:243
GCF_014252945.1:242	1.0	0.9814865065
GCF_902506575.1:243	0.9911291883000001	1.0
