	GCF_001425805.1:596	GCF_001514045.1:597	GCF_001514145.1:598
GCF_001425805.1:596	1.0	0.7521144418	0.811542622
GCF_001514045.1:597	0.8206572409	1.0	0.8086172642
GCF_001514145.1:598	0.7533635019	0.6879523744	1.0
