	GCF_000498935.1:588	GCF_003116755.1:589
GCF_000498935.1:588	1.0	0.9651216245
GCF_003116755.1:589	0.9651216245	1.0
