	GCF_000092385.1:351	GCF_002154605.1:352
GCF_000092385.1:351	1.0	0.9989252590000001
GCF_002154605.1:352	0.9989252590000001	1.0
