	GCF_000716025.1:478	GCF_002551145.1:479	GCF_002910935.1:480	GCF_002910985.1:481	GCF_014655335.1:482
GCF_000716025.1:478	1.0	0.9886271152	0.9912602433000001	0.9912132297	0.9907322049
GCF_002551145.1:479	0.9886271152	1.0	0.9887546945000001	0.9887200739	0.9883341609
GCF_002910935.1:480	0.9912602433000001	0.9887546945000001	1.0	0.9998048197	0.9906327920000001
GCF_002910985.1:481	0.9912132297	0.9887200739	0.9998048197	1.0	0.9906819194
GCF_014655335.1:482	0.9907322049	0.9883341609	0.9906327920000001	0.9906819194	1.0
