	GCF_003865135.1:476	GCF_003865155.1:477
GCF_003865135.1:476	1.0	0.8686910405
GCF_003865155.1:477	0.8393348732	1.0
