	GCF_008704855.1:493	GCF_009811555.1:494	GCF_009811575.1:495	GCF_012273495.1:496
GCF_008704855.1:493	1.0	0.6120377197	0.8470931461000001	0.8246400546
GCF_009811555.1:494	0.568794604	1.0	0.5714492645	0.5888963629
GCF_009811575.1:495	0.8529683953	0.6191589723	1.0	0.8250825559
GCF_012273495.1:496	0.7744746484	0.5951197638	0.7695527844000001	1.0
