	GCF_002007125.1:615	GCF_009296025.1:616
GCF_002007125.1:615	1.0	0.9997549245
GCF_009296025.1:616	0.9997549245	1.0
