	GCF_001905885.1:749	GCF_002099185.1:750
GCF_001905885.1:749	1.0	0.9595430509
GCF_002099185.1:750	0.9595430509	1.0
