	GCF_000827005.1:339	GCF_001753425.1:340	GCF_003675345.1:341
GCF_000827005.1:339	1.0	0.9980323612	1.007384072
GCF_001753425.1:340	1.0071904078	1.0	1.009536218
GCF_003675345.1:341	1.0155350771	1.0084509877	1.0
