	GCF_002192455.1:592	GCF_002286695.1:593
GCF_002192455.1:592	1.0	0.9405184878
GCF_002286695.1:593	0.9405184878	1.0
