	GCF_001425805.1:596	GCF_001514045.1:597	GCF_001514145.1:598
GCF_001425805.1:596	1.0	0.9684925963000001	0.9753657293
GCF_001514045.1:597	0.9684925963000001	1.0	0.9659758634000001
GCF_001514145.1:598	0.9753657293	0.9659758634000001	1.0
