	GCF_004122735.1:516	GCF_016876065.1:517
GCF_004122735.1:516	1.0	0.9988520562000001
GCF_016876065.1:517	0.9970393832000001	1.0
