	GCF_001008135.1:506	GCF_014873495.1:507	GCF_900215595.1:508
GCF_001008135.1:506	1.0	1.001936193	0.8635325661000001
GCF_014873495.1:507	0.9523661827000001	1.0	0.8710691189
GCF_900215595.1:508	0.9056121283	0.9610638153000001	1.0
