	GCF_003330865.1:714	GCF_014648655.1:715	GCF_900091955.1:716
GCF_003330865.1:714	1.0	0.9879280193000001	0.9544523265
GCF_014648655.1:715	0.9879280193000001	1.0	0.9545558875000001
GCF_900091955.1:716	0.9544523265	0.9545558875000001	1.0
