	GCF_000802245.2:755	GCF_000816465.3:756	GCF_000816485.1:757
GCF_000802245.2:755	1.0	1.0055411904	0.9200189217
GCF_000816465.3:756	0.9736656944000001	1.0	0.9166689075000001
GCF_000816485.1:757	0.8827221872000001	0.9083009761	1.0
