	GCF_003955715.1:357	GCF_900206255.1:358
GCF_003955715.1:357	1.0	0.8055072611
GCF_900206255.1:358	0.8204985477000001	1.0
