	GCF_000245355.1:95	GCF_000340845.1:96	GCF_001447075.1:97	GCF_001514055.1:98
GCF_000245355.1:95	1.0	0.9999718349000001	0.9865884455	0.9889963196
GCF_000340845.1:96	0.9999718349000001	1.0	0.9866780233	0.9891061991000001
GCF_001447075.1:97	0.9865884455	0.9866780233	1.0	0.9865111875
GCF_001514055.1:98	0.9889963196	0.9891061991000001	0.9865111875	1.0
