	GCF_018614035.1:705	GCF_018614615.1:706
GCF_018614035.1:705	1.0	0.6809370487
GCF_018614615.1:706	0.6258968451	1.0
