	GCF_001746415.1:38	GCF_001746455.1:39	GCF_001746465.1:40	GCF_001746475.1:41
GCF_001746415.1:38	1.0	0.9981379269	0.9952350486	0.9957617151
GCF_001746455.1:39	0.9981379269	1.0	0.9957679072000001	0.9963093984
GCF_001746465.1:40	0.9952350486	0.9957679072000001	1.0	0.9955748043
GCF_001746475.1:41	0.9957617151	0.9963093984	0.9955748043	1.0
