	GCF_001278075.1:540	GCF_014070435.1:541
GCF_001278075.1:540	1.0	0.9518194471
GCF_014070435.1:541	1.0011619735	1.0
