	GCF_003287915.1:353	GCF_003287935.1:354
GCF_003287915.1:353	1.0	0.9909830902000001
GCF_003287935.1:354	0.988359831	1.0
