	GCF_002154495.1:400	GCF_006539165.1:401	GCF_009867075.1:402
GCF_002154495.1:400	1.0	0.9993510221	0.9896960739
GCF_006539165.1:401	0.9993510221	1.0	0.9897981156000001
GCF_009867075.1:402	0.9896960739	0.9897981156000001	1.0
