	GCF_008704555.1:65	GCF_014650375.1:66
GCF_008704555.1:65	1.0	1.0102903597
GCF_014650375.1:66	0.9756431192	1.0
