	GCF_013358055.1:231	GCF_013358065.1:232	GCF_013358105.1:233	GCF_013358115.1:234	GCF_013358135.1:235	GCF_013358235.1:236	GCF_013358245.1:237	GCF_013358325.1:238	GCF_013358335.1:239
GCF_013358055.1:231	7954796	7612672	7376002	7625339	7367977	7595845	7845293	7875001	7608436
GCF_013358065.1:232	7612672	8092509	7447099	8038935	7436016	7873713	7724257	7724699	7836463
GCF_013358105.1:233	7376002	7447099	7914384	7466116	7764636	7455852	7464819	7473638	7443264
GCF_013358115.1:234	7625339	8038935	7466116	8073209	7462073	7922040	7724961	7726529	7868971
GCF_013358135.1:235	7367977	7436016	7764636	7462073	7767432	7452871	7471981	7462638	7419939
GCF_013358235.1:236	7595845	7873713	7455852	7922040	7452871	7915407	7704254	7706614	7858185
GCF_013358245.1:237	7845293	7724257	7464819	7724961	7471981	7704254	8086126	7955903	7698916
GCF_013358325.1:238	7875001	7724699	7473638	7726529	7462638	7706614	7955903	8035933	7709705
GCF_013358335.1:239	7608436	7836463	7443264	7868971	7419939	7858185	7698916	7709705	7923749
