	GCF_002261115.1:211	GCF_004320085.1:212	GCF_009862505.1:213
GCF_002261115.1:211	1.0	0.8567203059	0.8986200509000001
GCF_004320085.1:212	0.9174225026	1.0	0.8988555981
GCF_009862505.1:213	0.9593316987	0.89609136	1.0
