	GCF_000280905.1:753	GCF_001751375.1:754
GCF_000280905.1:753	1.0	0.849190438
GCF_001751375.1:754	0.9359452300000001	1.0
