	GCF_001865245.1:576	GCF_009025935.1:577
GCF_001865245.1:576	1.0	0.8740046764
GCF_009025935.1:577	0.8841376497000001	1.0
