	GCF_000725555.1:601	GCF_001005295.1:602	GCF_001531145.1:603	GCF_001953875.1:604	GCF_002007685.1:605
GCF_000725555.1:601	1.0	0.7528396846000001	0.782611684	0.7874445689	0.7887195565
GCF_001005295.1:602	0.7391226168	1.0	0.7985920483000001	0.7969099184	0.7948392626
GCF_001531145.1:603	0.7488281947000001	0.7782996847	1.0	0.9576558262	0.9480867683
GCF_001953875.1:604	0.7562896646	0.7795848988	0.9612619857	1.0	0.9547272078000001
GCF_002007685.1:605	0.7467000942	0.7664589869	0.9380712406	0.9410977227	1.0
