	GCF_000721235.1:817	GCF_001767375.1:818	GCF_011650445.1:819	GCF_015244315.1:820
GCF_000721235.1:817	1.0	0.8700178184	0.8971116417	0.8790708765
GCF_001767375.1:818	0.9129995868	1.0	0.9241114586	0.8961698039
GCF_011650445.1:819	0.9232117231	0.9062264624	1.0	0.8848864554
GCF_015244315.1:820	0.8922014577	0.8667361468	0.8727136440000001	1.0
