	GCF_001047325.1:217	GCF_001270485.1:218	GCF_001270495.1:219
GCF_001047325.1:217	1.0	0.9968073807000001	0.9973891725
GCF_001270485.1:218	0.9968073807000001	1.0	0.9997597984000001
GCF_001270495.1:219	0.9973891725	0.9997597984000001	1.0
