	GCF_001723055.1:791	GCF_004563805.1:792
GCF_001723055.1:791	1.0	0.9950875462000001
GCF_004563805.1:792	0.9950875462000001	1.0
