	GCF_001514125.1:619	GCF_005280195.1:620	GCF_005280215.1:621
GCF_001514125.1:619	1.0	0.7993810816	0.8499558146
GCF_005280195.1:620	0.8531585022	1.0	0.8613762685
GCF_005280215.1:621	0.8359776463	0.7938077977	1.0
