	GCF_000213055.1:655	GCF_002288075.1:656	GCF_900091755.1:657	GCF_900091825.1:658
GCF_000213055.1:655	1.0	0.9151190659	0.8794021682000001	0.8370000667
GCF_002288075.1:656	0.9497902651000001	1.0	0.9143044901	0.8735450283
GCF_900091755.1:657	0.9365898782000001	0.9382156442	1.0	0.865445486
GCF_900091825.1:658	0.9659777819	0.9713524299	0.9378198783	1.0
