	GCF_007363395.1:336	GCF_008704795.1:337	GCF_014203475.1:338
GCF_007363395.1:336	1.0	0.8511776925000001	0.8497176158
GCF_008704795.1:337	0.8250105025000001	1.0	0.9964584039000001
GCF_014203475.1:338	0.7543538784	0.9126839974000001	1.0
