	GCF_003248335.1:153	GCF_003248355.1:154
GCF_003248335.1:153	1.0	0.9806672168
GCF_003248355.1:154	0.9325844445	1.0
