	GCF_001750785.1:709	GCF_002119225.1:710	GCF_008704425.1:711
GCF_001750785.1:709	1.0	0.9894000322000001	0.9891457695
GCF_002119225.1:710	0.9894000322000001	1.0	0.9991523351
GCF_008704425.1:711	0.9891457695	0.9991523351	1.0
