	GCF_000719785.1:642	GCF_016834575.1:643
GCF_000719785.1:642	1.0	0.9931962185000001
GCF_016834575.1:643	0.9931962185000001	1.0
