	GCF_008704715.1:248	GCF_013375055.1:249	GCF_014650315.1:250	GCF_018530775.1:251	GCF_900105275.1:252	GCF_900105465.1:253
GCF_008704715.1:248	1.0	0.9550144682	1.0048255173	0.9226699534	0.9193214191	0.9239505098
GCF_013375055.1:249	0.8426275761	1.0	0.8405476663	0.8130099133	0.8060234423	0.8138016071
GCF_014650315.1:250	0.9872566658	0.9360004322000001	1.0	0.9094511666	0.8998840263000001	0.9081085475
GCF_018530775.1:251	0.9251614805	0.9239347223000001	0.9281349553	1.0	0.8938911348	0.9023059654000001
GCF_900105275.1:252	0.8809046854	0.8753535498	0.8776243503000001	0.8542303688	1.0	0.9667697501
GCF_900105465.1:253	0.8748942479	0.8733728319	0.8751957416	0.8520979415000001	0.9553628815	1.0
