	GCF_014203535.1:594	GCF_014649635.1:595
GCF_014203535.1:594	1.0	0.9992086498
GCF_014649635.1:595	0.9992086498	1.0
