	GCF_003671715.1:789	GCF_018070535.1:790
GCF_003671715.1:789	1.0	0.7868894833000001
GCF_018070535.1:790	0.7634068673000001	1.0
