	GCF_001418585.1:773	GCF_001514205.1:774
GCF_001418585.1:773	1.0	0.9993864327
GCF_001514205.1:774	0.9993864327	1.0
