	GCF_002154495.1:400	GCF_006539165.1:401	GCF_009867075.1:402
GCF_002154495.1:400	1.0	0.9937475489	0.9525938239
GCF_006539165.1:401	0.9576582731000001	1.0	0.9559805217
GCF_009867075.1:402	0.9164950989	0.954414293	1.0
