	GCF_018070175.1:646	GCF_018070265.1:647
GCF_018070175.1:646	1.0	0.9989536141
GCF_018070265.1:647	0.9994487746	1.0
