	GCF_000718675.1:101	GCF_000721665.1:102
GCF_000718675.1:101	1.0	0.9998111108000001
GCF_000721665.1:102	0.9998111108000001	1.0
