	GCF_001418585.1:773	GCF_001514205.1:774
GCF_001418585.1:773	1.0	0.9758413908
GCF_001514205.1:774	0.9425210457000001	1.0
