	GCF_000612545.1:717	GCF_000719345.1:718	GCF_000956015.1:719	GCF_001941845.1:720
GCF_000612545.1:717	1.0	0.6880563406	0.7013821104	0.7053311502
GCF_000719345.1:718	0.644549106	1.0	0.7123493099	0.7135243099
GCF_000956015.1:719	0.7408369285	0.8032096857000001	1.0	0.9548251549000001
GCF_001941845.1:720	0.6955448057	0.7511191117	0.8914314689	1.0
