	GCF_010548275.1:184	GCF_010550245.1:185
GCF_010548275.1:184	1.0	0.7061657496
GCF_010550245.1:185	0.6434026196	1.0
