	GCF_002028425.1:626	GCF_003634815.1:627
GCF_002028425.1:626	1.0	0.9468494188000001
GCF_003634815.1:627	0.9513050468	1.0
