	GCF_002846455.1:144	GCF_900105245.1:145	GCF_900105605.1:146
GCF_002846455.1:144	1.0	1.0009510585	0.9492676545000001
GCF_900105245.1:145	1.0009374899	1.0	0.9458376194
GCF_900105605.1:146	0.9071369475000001	0.903871398	1.0
