	GCF_000092385.1:351	GCF_002154605.1:352
GCF_000092385.1:351	1.0	0.9665453962
GCF_002154605.1:352	0.9930886135	1.0
