	GCF_000802245.2:755	GCF_000816465.3:756	GCF_000816485.1:757
GCF_000802245.2:755	1.0	0.9999602008	0.9972322254
GCF_000816465.3:756	0.9999602008	1.0	0.9972450317
GCF_000816485.1:757	0.9972322254	0.9972450317	1.0
