	GCF_001592685.1:138	GCF_002943895.1:139	GCF_003116715.1:140	GCF_009299385.1:141	GCF_011758705.1:142	GCF_014197485.1:143
GCF_001592685.1:138	7761583	7812909	6887919	7052214	7026516	7013640
GCF_002943895.1:139	7812909	7852859	6900730	7049351	7025705	7011640
GCF_003116715.1:140	6887919	6900730	7213245	6842631	6816904	6835463
GCF_009299385.1:141	7052214	7049351	6842631	7516652	7493195	7513618
GCF_011758705.1:142	7026516	7025705	6816904	7493195	7473163	7451707
GCF_014197485.1:143	7013640	7011640	6835463	7513618	7451707	7463914
