	GCF_000718675.1:101	GCF_000721665.1:102
GCF_000718675.1:101	1.0	1.0052325977
GCF_000721665.1:102	0.9826562702	1.0
