	GCF_006547165.1:214	GCF_006547175.1:215	GCF_006547185.1:216
GCF_006547165.1:214	1.0	0.8526776288	0.8383965073
GCF_006547175.1:215	0.8679565496	1.0	0.9452482253000001
GCF_006547185.1:216	0.8571316749000001	0.9493598023	1.0
