	GCF_000721535.1:403	GCF_001553435.1:404	GCF_001553455.1:405	GCF_001553475.1:406	GCF_001570645.1:407	GCF_001652895.1:408
GCF_000721535.1:403	1.0	0.9009132865	0.8640022599	0.8736044155	0.8955773890000001	0.8901168851
GCF_001553435.1:404	0.8811621752000001	1.0	0.8511660277	0.8590278289000001	0.9594723459000001	0.9416742123
GCF_001553455.1:405	0.9055041289	0.9120465051000001	1.0	0.9629606268	0.9169911388	0.9124838187000001
GCF_001553475.1:406	0.8858908523000001	0.8906350363000001	0.931747788	1.0	0.8879160707	0.8899238074
GCF_001570645.1:407	0.8738884738	0.9572216186	0.8537731121000001	0.8543964019	1.0	0.9324782117
GCF_001652895.1:408	0.8928700545	0.9657596162000001	0.8733550451000001	0.8802958343	0.9585770346	1.0
