	GCF_001704635.1:186	GCF_001969965.1:187
GCF_001704635.1:186	1.0	0.9806625477
GCF_001969965.1:187	0.9006164947	1.0
