	GCF_017876625.1:197	GCF_900290435.1:198
GCF_017876625.1:197	1.0	0.8700618607
GCF_900290435.1:198	0.9756974516	1.0
