	GCF_008704855.1:493	GCF_009811555.1:494	GCF_009811575.1:495	GCF_012273495.1:496
GCF_008704855.1:493	1.0	0.6790079816	0.8664503708	0.8551153674
GCF_009811555.1:494	0.6310331268	1.0	0.6343672221000001	0.6534387326000001
GCF_009811575.1:495	0.8724598775	0.6873298851	1.0	0.8551646754000001
GCF_012273495.1:496	0.8030960536	0.6603442112	0.7976103147	1.0
