	GCF_003675955.1:203	GCF_014205315.1:204
GCF_003675955.1:203	1.0	0.9958144857000001
GCF_014205315.1:204	0.9985404591	1.0
