	GCF_001592685.1:138	GCF_002943895.1:139	GCF_003116715.1:140	GCF_009299385.1:141	GCF_011758705.1:142	GCF_014197485.1:143
GCF_001592685.1:138	1	489	36651	32621	32341	32021
GCF_002943895.1:139	489	1	36451	32082	32034	31587
GCF_003116715.1:140	36651	36451	1	37058	36570	37002
GCF_009299385.1:141	32621	32082	37058	1	97	145
GCF_011758705.1:142	32341	32034	36570	97	1	112
GCF_014197485.1:143	32021	31587	37002	145	112	1
