	GCF_001011035.1:398	GCF_003945505.1:399
GCF_001011035.1:398	1.0	0.8236230543
GCF_003945505.1:399	0.795405389	1.0
