	GCF_000412265.2:31	GCF_000718155.1:32	GCF_001905425.1:33	GCF_002803195.1:34	GCF_002803845.1:35	GCF_017825375.1:36	GCF_018255875.1:37
GCF_000412265.2:31	1	534411	161920	105751	548896	90660	541815
GCF_000718155.1:32	534411	1	534172	533701	3285	523194	3264
GCF_001905425.1:33	161920	534172	1	159806	549244	144387	542369
GCF_002803195.1:34	105751	533701	159806	1	550355	60738	544394
GCF_002803845.1:35	548896	3285	549244	550355	1	536101	74
GCF_017825375.1:36	90660	523194	144387	60738	536101	1	531058
GCF_018255875.1:37	541815	3264	542369	544394	74	531058	1
