	GCF_000827005.1:339	GCF_001753425.1:340	GCF_003675345.1:341
GCF_000827005.1:339	1.0	0.9979816735	1.0072522839
GCF_001753425.1:340	1.0071392549	1.0	1.009435477
GCF_003675345.1:341	1.0154022226	1.0083503549	1.0
