	GCF_000384175.1:703	GCF_014648195.1:704
GCF_000384175.1:703	1.0	0.9624705732000001
GCF_014648195.1:704	0.9517457290000001	1.0
