	GCF_003751445.1:612	GCF_004795105.1:613	GCF_007829885.1:614
GCF_003751445.1:612	1.0	0.8891426169000001	0.9132449778
GCF_004795105.1:613	0.8891426169000001	1.0	0.8928600001
GCF_007829885.1:614	0.9132449778	0.8928600001	1.0
