	GCF_000299175.2:418	GCF_000359525.1:419	GCF_001431765.1:420	GCF_001577385.1:421	GCF_001704195.1:422	GCF_002802945.1:423	GCF_002910725.2:424	GCF_002910795.1:425	GCF_003687515.1:426	GCF_004124335.1:427	GCF_004195745.1:428	GCF_004195755.1:429	GCF_004195845.1:430	GCF_004195855.1:431	GCF_004195895.1:432	GCF_004195935.1:433	GCF_004195945.1:434	GCF_004195955.1:435	GCF_004195965.1:436	GCF_004195995.1:437	GCF_004196035.1:438	GCF_004196145.1:439	GCF_004196155.1:440	GCF_009834105.1:441	GCF_009846825.1:442	GCF_009862345.1:443	GCF_009863175.1:444	GCF_009865275.1:445	GCF_011170105.1:446	GCF_011170125.1:447	GCF_011170145.1:448	GCF_012184365.2:449	GCF_013363715.1:450	GCF_013371965.1:451	GCF_013376795.1:452	GCF_013693715.1:453	GCF_014216335.1:454	GCF_014281095.1:455	GCF_014648935.1:456	GCF_015680775.2:457	GCF_019067045.1:458	GCF_900091785.1:459	GCF_900091885.1:460	GCF_900171555.1:461	GCF_900460115.1:462
GCF_000299175.2:418	1.0	0.9903879309	0.9884243502000001	0.9902778222	0.9883053846000001	0.9162398525000001	0.9903557654	0.9899168190000001	0.9887898367000001	0.9856289677000001	0.9904426982000001	0.990246433	0.9899572194	0.9905358689	0.9883561987	0.985965344	0.9858856158	0.9859676253	0.9860446890000001	0.9860487808	0.9880929855	0.9886436234	0.9886395206	0.9881803475000001	0.9883627871	0.9903879309	0.988360228	0.9902255956	0.9165289814	0.9160950049000001	0.9169235114000001	0.9898002204	0.9878955250000001	0.9873176591	0.9906751260000001	0.9904071407	0.9162956474	0.9882990840000001	0.9161629736	0.9160479598	0.9881641390000001	0.9902436394	0.9883830168000001	0.9898746739000001	0.9166568543
GCF_000359525.1:419	0.9903879309	1.0	0.9891307260000001	0.9909517011000001	0.9886926224	0.9161356468	0.9917344968	0.9904894698000001	0.9891319023	0.986613622	0.9908007858000001	0.9912430371000001	0.9906197147	0.9917860717	0.9889699976	0.9869007149000001	0.9866479903	0.9868947429	0.9867566270000001	0.9870009894	0.9887503389000001	0.9891765997	0.9891779832	0.9889713106	0.9891109427	1.0	0.9889297906000001	0.9916458209000001	0.9163697098	0.9161984777000001	0.916821203	0.9908071105	0.9885090635	0.9879516346	0.9917134668	0.9999333990000001	0.9164893862	0.9890067134	0.9160104295	0.9157524568000001	0.988885199	0.9916686599000001	0.9889304561000001	0.9915539624	0.9166289073
GCF_001431765.1:420	0.9884243502000001	0.9891307260000001	1.0	0.9890175683	0.9896799376000001	0.9156526034	0.9886101172	0.9883755654	0.9896818222	0.9861618874	0.9889752208	0.9889339882	0.9887179002	0.9888566706	0.9896928623000001	0.9862366863	0.9860985713	0.9862171084	0.9865240738000001	0.9865211898	0.9893942431	0.9896766765	0.9896732876000001	0.9897015578	0.9997102331000001	0.9891330271000001	0.9887453796000001	0.9889598887000001	0.9157888167	0.9161347778000001	0.9167566044000001	0.9888260334000001	0.9888986922	0.9884046538000001	0.9890586793	0.989128435	0.9164350413000001	0.9893199831	0.9159465439000001	0.9156040697000001	0.9894847980000001	0.9889622789	0.9887390362	0.9890065715	0.9163205518
GCF_001577385.1:421	0.9902778222	0.9909517011000001	0.9890175683	1.0	0.9886776624	0.9158217611	0.9910859630000001	0.990491285	0.989165622	0.9864909854	0.9911353932	0.9909408526000001	0.9908316171	0.9911781422	0.9890945324	0.9867847049	0.9865832739	0.9867495478	0.9866309150000001	0.9867508118	0.9887551758	0.9891414488	0.9891376337000001	0.9889352256	0.9890075517	0.9909516955000001	0.9887100427000001	0.9913912958000001	0.9163175319	0.9163403634	0.9167602886	0.9905199813000001	0.9882762144	0.9878917336	0.9911556977	0.9909472793	0.9164027113000001	0.9889388425000001	0.9161898759	0.9154715878	0.9888115057	0.9914123277	0.988719392	0.9907003611	0.9165600780000001
GCF_001704195.1:422	0.9883053846000001	0.9886926224	0.9896799376000001	0.9886776624	1.0	0.9154980795000001	0.9887070018	0.9884598775000001	0.9888439355	0.9856556946	0.9886462179000001	0.9886627807	0.9888242497	0.9887030129000001	0.9886509361	0.9858239588000001	0.9856059041	0.9858072136	0.9859709757	0.9859089190000001	0.9884725192	0.9886538644	0.9886755094	0.9887414120000001	0.9896758265000001	0.9887296550000001	0.9882535066	0.9890452322000001	0.9161395211000001	0.9157471371	0.9163856247000001	0.9890884441000001	0.9884940414000001	0.9872742827000001	0.9888720963000001	0.9887409818	0.9157708986	0.988702991	0.9155215092000001	0.9151309738000001	0.9887641193000001	0.9890654342	0.988250551	0.9885880234000001	0.9162491973
GCF_002802945.1:423	0.9162398525000001	0.9161356468	0.9156526034	0.9158217611	0.9154980795000001	1.0	0.9155552329000001	0.9201624952	0.9179940558	0.9157144076	0.9157211311000001	0.9154548784000001	0.9155192877	0.9154684407	0.9158500810000001	0.9158431241	0.9156302806000001	0.9158534887	0.9154741155	0.9156857139000001	0.9159008037	0.9155652332	0.9155659880000001	0.9157758566	0.9154940383	0.9161511804	0.9159839336000001	0.9161723806000001	0.9959776286	0.9962181881000001	0.9963056720000001	0.9155936789	0.9155390596	0.9150870035	0.9155986975	0.9161507058	0.9967152247000001	0.9153483353	0.9962118756	0.9947940264	0.9156778956	0.9161643348	0.9159668569	0.9158653741	0.9962104231000001
GCF_002910725.2:424	0.9903557654	0.9917344968	0.9886101172	0.9910859630000001	0.9887070018	0.9155552329000001	1.0	0.9901104504	0.9889371847	0.9862558862	0.9913576940000001	0.9921577211	0.9909689667	0.9994650938	0.9887480079000001	0.9866328684000001	0.9862688468	0.9866324369	0.9867532268	0.9864836127000001	0.9886337558	0.9890620428	0.9890620962000001	0.9887879924	0.9884642477000001	0.9917102525	0.9885808069	0.9932429352000001	0.9158452225	0.9161525713	0.9167873911000001	0.9908760244	0.9884105845000001	0.9878149118	0.9988457683	0.9917051684	0.9164543399	0.9887221729000001	0.916071649	0.9153693694	0.9887273316	0.993238554	0.9885919823	0.9905698106	0.9164662558000001
GCF_002910795.1:425	0.9899168190000001	0.9904894698000001	0.9883755654	0.990491285	0.9884598775000001	0.9201624952	0.9901104504	1.0	0.9885120391000001	0.9862807562	0.9901442212	0.9901169665	0.9897132594	0.9902442725	0.9885650117	0.9864498255	0.9861483494000001	0.9864255916	0.9864226548	0.9864233133	0.9882393578	0.9885531052000001	0.9885525495	0.9884113804	0.9883292241	0.9905003152	0.9880510768	0.9901420566	0.9205003781000001	0.9201146736	0.9208721734	0.9904513749	0.9880133249	0.9874759713000001	0.9903439706	0.9905173147	0.9203835965	0.9882686893	0.9200172754	0.9198828367	0.9885506481	0.9901753136	0.9880657196	0.990215974	0.9205663954000001
GCF_003687515.1:426	0.9887898367000001	0.9891319023	0.9896818222	0.989165622	0.9888439355	0.9179940558	0.9889371847	0.9885120391000001	1.0	0.9867639237	0.9891203096000001	0.9890914952000001	0.9889125777000001	0.9889556106	0.9897856951	0.9861078356	0.9866838698	0.9861197096000001	0.9865002497	0.9868426544000001	0.9894189465000001	0.9903769469	0.9903705752	0.9890673931	0.9896967596	0.9891361975	0.9896755181	0.9890052719	0.9180264239	0.9182792886000001	0.9188297345	0.9889019050000001	0.9886210110000001	0.9880597975000001	0.9891043302	0.9891329893	0.9183784228	0.9896303269000001	0.9184620523	0.9180063427	0.9895136317000001	0.9890495967	0.9897050224	0.9890792996000001	0.9184448102
GCF_004124335.1:427	0.9856289677000001	0.986613622	0.9861618874	0.9864909854	0.9856556946	0.9157144076	0.9862558862	0.9862807562	0.9867639237	1.0	0.9865815035000001	0.9866741806	0.9863157521	0.9864165299000001	0.9868772252	0.9920183903	0.9918982026000001	0.9920001176000001	0.9915871402	0.9919743676	0.9870453814000001	0.9868661230000001	0.9868879987	0.9867294923000001	0.9861505182	0.9866119171000001	0.9873049226	0.9865427257	0.9159992976	0.9156846365	0.9167694799	0.9866066841000001	0.9862215453000001	0.9861720062	0.9866357415	0.9866016953000001	0.9162483847	0.9866456337	0.9154883425	0.9153677920000001	0.9869140969	0.986556984	0.9873124476	0.9864677067000001	0.9162429714
GCF_004195745.1:428	0.9904426982000001	0.9908007858000001	0.9889752208	0.9911353932	0.9886462179000001	0.9157211311000001	0.9913576940000001	0.9901442212	0.9891203096000001	0.9865815035000001	1.0	0.9914279220000001	0.9907938603	0.9914434122	0.9887349345	0.9865843	0.9866465069	0.9865489554	0.9868196300000001	0.9868616952	0.9883265701	0.9889233447	0.9889458648	0.9888013579	0.9889201771	0.9908167295	0.9885535354	0.9914052438000001	0.9157879698	0.9157093234	0.9164155477	0.9908777537000001	0.9883713877	0.9878636057000001	0.9914170018	0.9908345094000001	0.9159328455	0.9888549264000001	0.9158120444000001	0.9154264272	0.9887896736	0.9914155111	0.9885548030000001	0.9904953743	0.9159873466
GCF_004195755.1:429	0.990246433	0.9912430371000001	0.9889339882	0.9909408526000001	0.9886627807	0.9154548784000001	0.9921577211	0.9901169665	0.9890914952000001	0.9866741806	0.9914279220000001	1.0	0.9914425822	0.9923104135	0.9888155024	0.9868443975000001	0.9866575191	0.9867983867000001	0.9867508006000001	0.9869022087	0.9885937320000001	0.9891350154	0.9891547506	0.9889029220000001	0.9889061981	0.9912541321	0.9887292123	0.9924317687	0.9155945874	0.9155670655	0.9161570931	0.9911440298	0.9882784143000001	0.9877746388	0.9922514583	0.9912598532	0.9156802065	0.9887860730000001	0.9156692216000001	0.9152067588	0.98891974	0.9924647691	0.9887428326000001	0.9906706682	0.9159022461
GCF_004195845.1:430	0.9899572194	0.9906197147	0.9887179002	0.9908316171	0.9888242497	0.9155192877	0.9909689667	0.9897132594	0.9889125777000001	0.9863157521	0.9907938603	0.9914425822	1.0	0.9911974754	0.9890300528	0.9868402660000001	0.9864549416	0.9867930722	0.9867193903	0.9865868061	0.9886544619000001	0.9889202823000001	0.9889052478	0.989013518	0.9886570787000001	0.9906265968	0.9885285971000001	0.9913298434000001	0.9156672058	0.9158526585000001	0.9164766705	0.9904689615000001	0.9882131311000001	0.9874704028000001	0.9911740887	0.9906669736	0.9159742644000001	0.9884860428000001	0.9160750052000001	0.9154685088000001	0.9888907143000001	0.9913492095	0.9885526614000001	0.9901880567	0.9163301605
GCF_004195855.1:431	0.9905358689	0.9917860717	0.9888566706	0.9911781422	0.9887030129000001	0.9154684407	0.9994650938	0.9902442725	0.9889556106	0.9864165299000001	0.9914434122	0.9923104135	0.9911974754	1.0	0.9887652402	0.9866594335000001	0.9862507015	0.9866563493	0.9867236541000001	0.9865166138	0.9886331358	0.9890370375	0.9890352586000001	0.9888445138	0.9887784354	0.9917955956000001	0.9886148832	0.9935820357	0.9155088839000001	0.9158821032000001	0.9165415607	0.9908601838000001	0.9883916996000001	0.9877668369	0.9988569119	0.9918047472	0.9161103486000001	0.9887802779	0.916127396	0.9153678316	0.9887599803	0.9935807244	0.9886259006	0.9906145413	0.9159536539
GCF_004195895.1:432	0.9883561987	0.9889699976	0.9896928623000001	0.9890945324	0.9886509361	0.9158500810000001	0.9887480079000001	0.9885650117	0.9897856951	0.9868772252	0.9887349345	0.9888155024	0.9890300528	0.9887652402	1.0	0.9868928681	0.9870100262	0.9868714836	0.9870600765	0.9872034538000001	0.9899395666	0.9896090185	0.9896078593000001	0.9902219513	0.9896668972	0.9889795920000001	0.9889857189000001	0.9890177711	0.9159225238	0.9157341029	0.9165153757000001	0.9888580469	0.9886308731000001	0.988261212	0.988859601	0.9889873249000001	0.9159038429	0.9903261015	0.9158911719	0.9155010874	0.9901575286000001	0.9890258973	0.9889835351	0.9886755632	0.9160534642
GCF_004195935.1:433	0.985965344	0.9869007149000001	0.9862366863	0.9867847049	0.9858239588000001	0.9158431241	0.9866328684000001	0.9864498255	0.9861078356	0.9920183903	0.9865843	0.9868443975000001	0.9868402660000001	0.9866594335000001	0.9868928681	1.0	0.9920425432000001	0.9999718582	0.9916417581	0.9919913095	0.9870012716000001	0.9867852479	0.9867838909000001	0.9862648877	0.9862248920000001	0.9869219565	0.9872301448	0.9867831995	0.9157392535000001	0.9156767291000001	0.9163529833	0.9867288093000001	0.9861782101000001	0.9859750752	0.9867658414	0.9869249389	0.9158205768000001	0.9868466591	0.9157805605	0.9154983936000001	0.9868440694	0.9867981759000001	0.9872255950000001	0.9867383673000001	0.9163439323
GCF_004195945.1:434	0.9858856158	0.9866479903	0.9860985713	0.9865832739	0.9856059041	0.9156302806000001	0.9862688468	0.9861483494000001	0.9866838698	0.9918982026000001	0.9866465069	0.9866575191	0.9864549416	0.9862507015	0.9870100262	0.9920425432000001	1.0	0.9920520996000001	0.9918366590000001	0.991812829	0.9870669367	0.9868633695000001	0.9868432386	0.9868436285000001	0.9860177389	0.9866592663	0.9872609003	0.9863683879	0.9156430505	0.9156753988	0.91667704	0.9865226476000001	0.9860398363	0.9859006833	0.9867178589000001	0.9866674219	0.9164092163	0.9865594455000001	0.9159543228	0.9155689048000001	0.9869028175000001	0.9864112454	0.9872840835000001	0.9865494640000001	0.9159931015
GCF_004195955.1:435	0.9859676253	0.9868947429	0.9862171084	0.9867495478	0.9858072136	0.9158534887	0.9866324369	0.9864255916	0.9861197096000001	0.9920001176000001	0.9865489554	0.9867983867000001	0.9867930722	0.9866563493	0.9868714836	0.9999718582	0.9920520996000001	1.0	0.9916319819	0.9919609749	0.9870289848	0.9867452325	0.9867416979	0.9862372598	0.9862030324000001	0.9869076869000001	0.9871843279	0.9868024517	0.9157492163000001	0.9156779726000001	0.9163644382	0.9867175304	0.9861555683000001	0.9859770725	0.9867403822	0.986913648	0.9158224101	0.9868046783000001	0.9157928196	0.9155029675	0.986809649	0.9868191108000001	0.9871795185000001	0.9867052209	0.916353249
GCF_004195965.1:436	0.9860446890000001	0.9867566270000001	0.9865240738000001	0.9866309150000001	0.9859709757	0.9154741155	0.9867532268	0.9864226548	0.9865002497	0.9915871402	0.9868196300000001	0.9867508006000001	0.9867193903	0.9867236541000001	0.9870600765	0.9916417581	0.9918366590000001	0.9916319819	1.0	0.9917707654000001	0.9870910773	0.9870332038	0.9870221478000001	0.9865332624	0.9865396639	0.9867628961	0.9875900059	0.9868525912	0.9154772092000001	0.9154561855000001	0.9160116473000001	0.9868578875	0.9863159444	0.9861172457	0.9868506701	0.9867548066	0.9155632152000001	0.9869301812000001	0.9156344790000001	0.9152659586	0.9868620784000001	0.9868785969	0.9875865594000001	0.9867507359000001	0.9156169508
GCF_004195995.1:437	0.9860487808	0.9870009894	0.9865211898	0.9867508118	0.9859089190000001	0.9156857139000001	0.9864836127000001	0.9864233133	0.9868426544000001	0.9919743676	0.9868616952	0.9869022087	0.9865868061	0.9865166138	0.9872034538000001	0.9919913095	0.991812829	0.9919609749	0.9917707654000001	1.0	0.9871868201	0.9870907315	0.9870896343000001	0.9869545092	0.9864694483	0.9869938896	0.9874757049	0.9868050027	0.9156417019	0.9160320810000001	0.916455843	0.9868012358	0.9863311164	0.9861727526	0.9868358287000001	0.9869926099	0.9159563714000001	0.9870771243	0.91626646	0.9155475265	0.9870508841000001	0.9868300484	0.9874711907	0.9867585884000001	0.915945234
GCF_004196035.1:438	0.9880929855	0.9887503389000001	0.9893942431	0.9887551758	0.9884725192	0.9159008037	0.9886337558	0.9882393578	0.9894189465000001	0.9870453814000001	0.9883265701	0.9885937320000001	0.9886544619000001	0.9886331358	0.9899395666	0.9870012716000001	0.9870669367	0.9870289848	0.9870910773	0.9871868201	1.0	0.9892266867	0.9892130526	0.9897287796	0.9893954073000001	0.988726014	0.9887990718	0.988792164	0.9157434456	0.9157359047	0.9164755284	0.9885781347	0.9884248228	0.9882926762	0.9885884158	0.9887677123	0.9158723823	0.9898693556	0.9158994707	0.9155902184	0.9896817262000001	0.988816435	0.9887933609	0.9884069178	0.9161326132000001
GCF_004196145.1:439	0.9886436234	0.9891765997	0.9896766765	0.9891414488	0.9886538644	0.9155652332	0.9890620428	0.9885531052000001	0.9903769469	0.9868661230000001	0.9889233447	0.9891350154	0.9889202823000001	0.9890370375	0.9896090185	0.9867852479	0.9868633695000001	0.9867452325	0.9870332038	0.9870907315	0.9892266867	1.0	0.9999843822000001	0.9896157910000001	0.9896636067000001	0.9891716886	0.9895600659	0.9891497732000001	0.9155375469	0.9154308582	0.9160533855	0.9890052091	0.9884987166	0.9880258475	0.9890734860000001	0.9891642589	0.9154859338	0.9893447952000001	0.9155296296000001	0.9154034954	0.9896447838	0.9891498735	0.9895578685	0.988956563	0.9156296094
GCF_004196155.1:440	0.9886395206	0.9891779832	0.9896732876000001	0.9891376337000001	0.9886755094	0.9155659880000001	0.9890620962000001	0.9885525495	0.9903705752	0.9868879987	0.9889458648	0.9891547506	0.9889052478	0.9890352586000001	0.9896078593000001	0.9867838909000001	0.9868432386	0.9867416979	0.9870221478000001	0.9870896343000001	0.9892130526	0.9999843822000001	1.0	0.9896358696	0.9896776380000001	0.9891730702	0.9895598297	0.9891476587	0.9155419461000001	0.9154369711	0.9160560749000001	0.9890181320000001	0.9885187464	0.9880598106	0.9890672420000001	0.9891656034	0.9154890336	0.9893748978	0.9155369879	0.9154043887000001	0.9896664966000001	0.9891478833	0.9895576702000001	0.9889712337000001	0.9156328084
GCF_009834105.1:441	0.9881803475000001	0.9889713106	0.9897015578	0.9889352256	0.9887414120000001	0.9157758566	0.9887879924	0.9884113804	0.9890673931	0.9867294923000001	0.9888013579	0.9889029220000001	0.989013518	0.9888445138	0.9902219513	0.9862648877	0.9868436285000001	0.9862372598	0.9865332624	0.9869545092	0.9897287796	0.9896157910000001	0.9896358696	1.0	0.9897253512	0.9889270830000001	0.9887202900000001	0.9889190226000001	0.9161066658	0.9160934319	0.9170078292	0.9889160725	0.9884281312000001	0.9882421758000001	0.9889711731	0.9889122943	0.9163230111	0.9903086279000001	0.9158761461	0.9154960830000001	0.9901793928	0.9889399394	0.988715823	0.9887521197	0.9163627657000001
GCF_009846825.1:442	0.9883627871	0.9891109427	0.9997102331000001	0.9890075517	0.9896758265000001	0.9154940383	0.9884642477000001	0.9883292241	0.9896967596	0.9861505182	0.9889201771	0.9889061981	0.9886570787000001	0.9887784354	0.9896668972	0.9862248920000001	0.9860177389	0.9862030324000001	0.9865396639	0.9864694483	0.9893954073000001	0.9896636067000001	0.9896776380000001	0.9897253512	1.0	0.9890993768	0.9886905537	0.9889280555000001	0.9154336683000001	0.9157664496000001	0.9164413411000001	0.9888374456000001	0.9888324098000001	0.9883464434	0.9889405366	0.9890995519	0.9160816154	0.9892289323000001	0.9159100404	0.9155268945	0.989478904	0.9889300101	0.9886866611	0.9889889431000001	0.9159151848
GCF_009862345.1:443	0.9903879309	1.0	0.9891330271000001	0.9909516955000001	0.9887296550000001	0.9161511804	0.9917102525	0.9905003152	0.9891361975	0.9866119171000001	0.9908167295	0.9912541321	0.9906265968	0.9917955956000001	0.9889795920000001	0.9869219565	0.9866592663	0.9869076869000001	0.9867628961	0.9869938896	0.988726014	0.9891716886	0.9891730702	0.9889270830000001	0.9890993768	1.0	0.9889297906000001	0.9916458209000001	0.9163697098	0.9161984777000001	0.916821203	0.9908071105	0.9885090635	0.9879516346	0.9917134668	0.9999333990000001	0.9164893862	0.9890067134	0.9160104295	0.9157524568000001	0.988885199	0.9916686599000001	0.9889304561000001	0.9915539624	0.9166289073
GCF_009863175.1:444	0.988360228	0.9889297906000001	0.9887453796000001	0.9887100427000001	0.9882535066	0.9159839336000001	0.9885808069	0.9880510768	0.9896755181	0.9873049226	0.9885535354	0.9887292123	0.9885285971000001	0.9886148832	0.9889857189000001	0.9872301448	0.9872609003	0.9871843279	0.9875900059	0.9874757049	0.9887990718	0.9895600659	0.9895598297	0.9887202900000001	0.9886905537	0.9889297906000001	1.0	0.9886598027000001	0.9162260276	0.9156494167	0.9164838251	0.9885264311	0.9878514278	0.9876576511	0.9886651270000001	0.9889141847	0.9161158788	0.9890813354	0.9158267632	0.9155412295	0.9890216133	0.9886857803	1.0	0.9885890904	0.9161083002
GCF_009865275.1:445	0.9902255956	0.9916458209000001	0.9889598887000001	0.9913912958000001	0.9890452322000001	0.9161723806000001	0.9932429352000001	0.9901420566	0.9890052719	0.9865427257	0.9914052438000001	0.9924317687	0.9913298434000001	0.9935820357	0.9890177711	0.9867831995	0.9863683879	0.9868024517	0.9868525912	0.9868050027	0.988792164	0.9891497732000001	0.9891476587	0.9889190226000001	0.9889280555000001	0.9916458209000001	0.9886598027000001	1.0	0.9162513813000001	0.9166258325000001	0.9172904180000001	0.9907751287000001	0.988709766	0.9879925933	0.9934074924	0.9916628707	0.9169344081	0.98873869	0.9168934345	0.9162449448000001	0.9889108683000001	1.0	0.9887010458000001	0.9911069648	0.9168607042
GCF_011170105.1:446	0.9165289814	0.9163697098	0.9157888167	0.9163175319	0.9161395211000001	0.9959776286	0.9158452225	0.9205003781000001	0.9180264239	0.9159992976	0.9157879698	0.9155945874	0.9156672058	0.9155088839000001	0.9159225238	0.9157392535000001	0.9156430505	0.9157492163000001	0.9154772092000001	0.9156417019	0.9157434456	0.9155375469	0.9155419461000001	0.9161066658	0.9154336683000001	0.9163697098	0.9162260276	0.9162513813000001	1.0	0.9964842745	0.9967427576000001	0.9159579347000001	0.9155806815	0.9152611358	0.9160177116	0.9163830224	0.9963490985000001	0.9157590157000001	0.9965293052	0.9948494775000001	0.9155297342000001	0.9161944927000001	0.9161846747	0.9158964011	0.9967039647
GCF_011170125.1:447	0.9160950049000001	0.9161984777000001	0.9161347778000001	0.9163403634	0.9157471371	0.9962181881000001	0.9161525713	0.9201146736	0.9182792886000001	0.9156846365	0.9157093234	0.9155670655	0.9158526585000001	0.9158821032000001	0.9157341029	0.9156767291000001	0.9156753988	0.9156779726000001	0.9154561855000001	0.9160320810000001	0.9157359047	0.9154308582	0.9154369711	0.9160934319	0.9157664496000001	0.9161984777000001	0.9156494167	0.9166258325000001	0.9964842745	1.0	0.9961637867	0.9160971965	0.9153255741	0.9153363477	0.9159676266000001	0.916196666	0.9965828944	0.9156067370000001	0.9999149592000001	0.9950661288	0.9158083528000001	0.9165605565	0.9156019408	0.9158471993	0.9963107184000001
GCF_011170145.1:448	0.9169235114000001	0.916821203	0.9167566044000001	0.9167602886	0.9163856247000001	0.9963056720000001	0.9167873911000001	0.9208721734	0.9188297345	0.9167694799	0.9164155477	0.9161570931	0.9164766705	0.9165415607	0.9165153757000001	0.9163529833	0.91667704	0.9163644382	0.9160116473000001	0.916455843	0.9164755284	0.9160533855	0.9160560749000001	0.9170078292	0.9164413411000001	0.916821203	0.9164838251	0.9172904180000001	0.9967427576000001	0.9961637867	1.0	0.9164966064000001	0.9161251970000001	0.9157851195000001	0.9166327756	0.9168823244000001	0.9964972958	0.9164911656	0.9962443873000001	0.9950914694	0.9160619192	0.9172691860000001	0.9164947426000001	0.9163439822	0.9967042003000001
GCF_012184365.2:449	0.9898002204	0.9908071105	0.9888260334000001	0.9905199813000001	0.9890884441000001	0.9155936789	0.9908760244	0.9904513749	0.9889019050000001	0.9866066841000001	0.9908777537000001	0.9911440298	0.9904689615000001	0.9908601838000001	0.9888580469	0.9867288093000001	0.9865226476000001	0.9867175304	0.9868578875	0.9868012358	0.9885781347	0.9890052091	0.9890181320000001	0.9889160725	0.9888374456000001	0.9908071105	0.9885264311	0.9907751287000001	0.9159579347000001	0.9160971965	0.9164966064000001	1.0	0.9882713098	0.9875094524	0.9908968328000001	0.9908619280000001	0.9161305122000001	0.9886665537	0.9158338640000001	0.9153470251	0.9887957099	0.9907879579000001	0.9885530238	0.9907099885	0.9163633847
GCF_013363715.1:450	0.9878955250000001	0.9885090635	0.9888986922	0.9882762144	0.9884940414000001	0.9155390596	0.9884105845000001	0.9880133249	0.9886210110000001	0.9862215453000001	0.9883713877	0.9882784143000001	0.9882131311000001	0.9883916996000001	0.9886308731000001	0.9861782101000001	0.9860398363	0.9861555683000001	0.9863159444	0.9863311164	0.9884248228	0.9884987166	0.9885187464	0.9884281312000001	0.9888324098000001	0.9885090635	0.9878514278	0.988709766	0.9155806815	0.9153255741	0.9161251970000001	0.9882713098	1.0	0.9933475672000001	0.9884633164000001	0.9885022194	0.9155047935	0.9884759188000001	0.9154748605	0.9154186099	0.9885675118	0.9887080938	0.9878946208	0.9881843253	0.9159973553
GCF_013371965.1:451	0.9873176591	0.9879516346	0.9884046538000001	0.9878917336	0.9872742827000001	0.9150870035	0.9878149118	0.9874759713000001	0.9880597975000001	0.9861720062	0.9878636057000001	0.9877746388	0.9874704028000001	0.9877668369	0.988261212	0.9859750752	0.9859006833	0.9859770725	0.9861172457	0.9861727526	0.9882926762	0.9880258475	0.9880598106	0.9882421758000001	0.9883464434	0.9879516346	0.9876576511	0.9879925933	0.9152611358	0.9153363477	0.9157851195000001	0.9875094524	0.9933475672000001	1.0	0.9879281912000001	0.9879703799	0.9152773403000001	0.9881518254	0.915421648	0.9150639832	0.9879843165000001	0.9880100229000001	0.9876348134	0.9878677546	0.9155277324000001
GCF_013376795.1:452	0.9906751260000001	0.9917134668	0.9890586793	0.9911556977	0.9888720963000001	0.9155986975	0.9988457683	0.9903439706	0.9891043302	0.9866357415	0.9914170018	0.9922514583	0.9911740887	0.9988569119	0.988859601	0.9867658414	0.9867178589000001	0.9867403822	0.9868506701	0.9868358287000001	0.9885884158	0.9890734860000001	0.9890672420000001	0.9889711731	0.9889405366	0.9917134668	0.9886651270000001	0.9934074924	0.9160177116	0.9159676266000001	0.9166327756	0.9908968328000001	0.9884633164000001	0.9879281912000001	1.0	0.9917198686	0.9161918726	0.9889045028000001	0.9157774125	0.9154575245000001	0.9888512840000001	0.9934042273	0.9886653224	0.9905894104	0.9163584411000001
GCF_013693715.1:453	0.9904071407	0.9999333990000001	0.989128435	0.9909472793	0.9887409818	0.9161507058	0.9917051684	0.9905173147	0.9891329893	0.9866016953000001	0.9908345094000001	0.9912598532	0.9906669736	0.9918047472	0.9889873249000001	0.9869249389	0.9866674219	0.986913648	0.9867548066	0.9869926099	0.9887677123	0.9891642589	0.9891656034	0.9889122943	0.9890995519	0.9999333990000001	0.9889141847	0.9916628707	0.9163830224	0.916196666	0.9168823244000001	0.9908619280000001	0.9885022194	0.9879703799	0.9917198686	1.0	0.9164809779	0.9890105037	0.9160082034	0.9157571739	0.9888824336	0.9916682022000001	0.9889356453	0.9915709622000001	0.9166217785
GCF_014216335.1:454	0.9162956474	0.9164893862	0.9164350413000001	0.9164027113000001	0.9157708986	0.9967152247000001	0.9164543399	0.9203835965	0.9183784228	0.9162483847	0.9159328455	0.9156802065	0.9159742644000001	0.9161103486000001	0.9159038429	0.9158205768000001	0.9164092163	0.9158224101	0.9155632152000001	0.9159563714000001	0.9158723823	0.9154859338	0.9154890336	0.9163230111	0.9160816154	0.9164893862	0.9161158788	0.9169344081	0.9963490985000001	0.9965828944	0.9964972958	0.9161305122000001	0.9155047935	0.9152773403000001	0.9161918726	0.9164809779	1.0	0.9158263741	0.9966077712	0.9946792429	0.9156475174	0.9169323019000001	0.9161106470000001	0.9159809408	0.9962193093
GCF_014281095.1:455	0.9882990840000001	0.9890067134	0.9893199831	0.9889388425000001	0.988702991	0.9153483353	0.9887221729000001	0.9882686893	0.9896303269000001	0.9866456337	0.9888549264000001	0.9887860730000001	0.9884860428000001	0.9887802779	0.9903261015	0.9868466591	0.9865594455000001	0.9868046783000001	0.9869301812000001	0.9870771243	0.9898693556	0.9893447952000001	0.9893748978	0.9903086279000001	0.9892289323000001	0.9890067134	0.9890813354	0.98873869	0.9157590157000001	0.9156067370000001	0.9164911656	0.9886665537	0.9884759188000001	0.9881518254	0.9889045028000001	0.9890105037	0.9158263741	1.0	0.9154167431	0.9151884553	0.9901682703	0.9887444921	0.9890541898	0.9889354461000001	0.9161754629000001
GCF_014648935.1:456	0.9161629736	0.9160104295	0.9159465439000001	0.9161898759	0.9155215092000001	0.9962118756	0.916071649	0.9200172754	0.9184620523	0.9154883425	0.9158120444000001	0.9156692216000001	0.9160750052000001	0.916127396	0.9158911719	0.9157805605	0.9159543228	0.9157928196	0.9156344790000001	0.91626646	0.9158994707	0.9155296296000001	0.9155369879	0.9158761461	0.9159100404	0.9160104295	0.9158267632	0.9168934345	0.9965293052	0.9999149592000001	0.9962443873000001	0.9158338640000001	0.9154748605	0.915421648	0.9157774125	0.9160082034	0.9966077712	0.9154167431	1.0	0.9951476051	0.9159111773	0.9168380773	0.9157993597	0.9159388783	0.9963345037
GCF_015680775.2:457	0.9160479598	0.9157524568000001	0.9156040697000001	0.9154715878	0.9151309738000001	0.9947940264	0.9153693694	0.9198828367	0.9180063427	0.9153677920000001	0.9154264272	0.9152067588	0.9154685088000001	0.9153678316	0.9155010874	0.9154983936000001	0.9155689048000001	0.9155029675	0.9152659586	0.9155475265	0.9155902184	0.9154034954	0.9154043887000001	0.9154960830000001	0.9155268945	0.9157524568000001	0.9155412295	0.9162449448000001	0.9948494775000001	0.9950661288	0.9950914694	0.9153470251	0.9154186099	0.9150639832	0.9154575245000001	0.9157571739	0.9946792429	0.9151884553	0.9951476051	1.0	0.9154814117000001	0.9162248605000001	0.9154752873	0.9155389667	0.9949315163
GCF_019067045.1:458	0.9881641390000001	0.988885199	0.9894847980000001	0.9888115057	0.9887641193000001	0.9156778956	0.9887273316	0.9885506481	0.9895136317000001	0.9869140969	0.9887896736	0.98891974	0.9888907143000001	0.9887599803	0.9901575286000001	0.9868440694	0.9869028175000001	0.986809649	0.9868620784000001	0.9870508841000001	0.9896817262000001	0.9896447838	0.9896664966000001	0.9901793928	0.989478904	0.988885199	0.9890216133	0.9889108683000001	0.9155297342000001	0.9158083528000001	0.9160619192	0.9887957099	0.9885675118	0.9879843165000001	0.9888512840000001	0.9888824336	0.9156475174	0.9901682703	0.9159111773	0.9154814117000001	1.0	0.98891836	0.9890206607	0.9887535667	0.9157591345
GCF_900091785.1:459	0.9902436394	0.9916686599000001	0.9889622789	0.9914123277	0.9890654342	0.9161643348	0.993238554	0.9901753136	0.9890495967	0.986556984	0.9914155111	0.9924647691	0.9913492095	0.9935807244	0.9890258973	0.9867981759000001	0.9864112454	0.9868191108000001	0.9868785969	0.9868300484	0.988816435	0.9891498735	0.9891478833	0.9889399394	0.9889300101	0.9916686599000001	0.9886857803	1.0	0.9161944927000001	0.9165605565	0.9172691860000001	0.9907879579000001	0.9887080938	0.9880100229000001	0.9934042273	0.9916682022000001	0.9169323019000001	0.9887444921	0.9168380773	0.9162248605000001	0.98891836	1.0	0.9887074209000001	0.9911022854	0.9168583508
GCF_900091885.1:460	0.9883830168000001	0.9889304561000001	0.9887390362	0.988719392	0.988250551	0.9159668569	0.9885919823	0.9880657196	0.9897050224	0.9873124476	0.9885548030000001	0.9887428326000001	0.9885526614000001	0.9886259006	0.9889835351	0.9872255950000001	0.9872840835000001	0.9871795185000001	0.9875865594000001	0.9874711907	0.9887933609	0.9895578685	0.9895576702000001	0.988715823	0.9886866611	0.9889304561000001	1.0	0.9887010458000001	0.9161846747	0.9156019408	0.9164947426000001	0.9885530238	0.9878946208	0.9876348134	0.9886653224	0.9889356453	0.9161106470000001	0.9890541898	0.9157993597	0.9154752873	0.9890206607	0.9887074209000001	1.0	0.9886021382000001	0.9160789531
GCF_900171555.1:461	0.9898746739000001	0.9915539624	0.9890065715	0.9907003611	0.9885880234000001	0.9158653741	0.9905698106	0.990215974	0.9890792996000001	0.9864677067000001	0.9904953743	0.9906706682	0.9901880567	0.9906145413	0.9886755632	0.9867383673000001	0.9865494640000001	0.9867052209	0.9867507359000001	0.9867585884000001	0.9884069178	0.988956563	0.9889712337000001	0.9887521197	0.9889889431000001	0.9915539624	0.9885890904	0.9911069648	0.9158964011	0.9158471993	0.9163439822	0.9907099885	0.9881843253	0.9878677546	0.9905894104	0.9915709622000001	0.9159809408	0.9889354461000001	0.9159388783	0.9155389667	0.9887535667	0.9911022854	0.9886021382000001	1.0	0.9163110665
GCF_900460115.1:462	0.9166568543	0.9166289073	0.9163205518	0.9165600780000001	0.9162491973	0.9962104231000001	0.9164662558000001	0.9205663954000001	0.9184448102	0.9162429714	0.9159873466	0.9159022461	0.9163301605	0.9159536539	0.9160534642	0.9163439323	0.9159931015	0.916353249	0.9156169508	0.915945234	0.9161326132000001	0.9156296094	0.9156328084	0.9163627657000001	0.9159151848	0.9166289073	0.9161083002	0.9168607042	0.9967039647	0.9963107184000001	0.9967042003000001	0.9163633847	0.9159973553	0.9155277324000001	0.9163584411000001	0.9166217785	0.9962193093	0.9161754629000001	0.9963345037	0.9949315163	0.9157591345	0.9168583508	0.9160789531	0.9163110665	1.0
