	GCF_013358055.1:231	GCF_013358065.1:232	GCF_013358105.1:233	GCF_013358115.1:234	GCF_013358135.1:235	GCF_013358235.1:236	GCF_013358245.1:237	GCF_013358325.1:238	GCF_013358335.1:239
GCF_013358055.1:231	1.0	0.9569914804	0.9272396175000001	0.9585838531	0.9262307921	0.9548761527	0.9862343422000001	0.9899689445000001	0.9564589714
GCF_013358065.1:232	0.9407060283	1.0	0.9202459954000001	0.9933798035	0.9188764572	0.9729631441000001	0.9544947062	0.9545493246000001	0.9683601217000001
GCF_013358105.1:233	0.9319742383	0.9409575022000001	1.0	0.9433603424	0.9810790075	0.9420634632	0.9431964636	0.9443107638	0.9404729414
GCF_013358115.1:234	0.9445239186000001	0.9957546002000001	0.9248015256000001	1.0	0.9243007335000001	0.9812752277000001	0.9568637453000001	0.9570579679000001	0.9747017574000001
GCF_013358135.1:235	0.9485730934000001	0.9573326165	0.9996400355	0.9606872645000001	1.0	0.9595025743000001	0.9619628469	0.9607600041000001	0.9552628205
GCF_013358235.1:236	0.9596278498	0.9947325513	0.9419417094	1.000837986	0.9415651021	1.0	0.9733237975000001	0.9736219502000001	0.9927708076
GCF_013358245.1:237	0.9702165165000001	0.9552481621000001	0.9231638241000001	0.9553352248	0.9240495387000001	0.9527744188	1.0	0.9838955020000001	0.9521142757000001
GCF_013358325.1:238	0.9799734517	0.9612697119	0.9300274156	0.9614974391000001	0.928658564	0.9590191954	0.9900409822	1.0	0.9594038427
GCF_013358335.1:239	0.9602065891	0.9889842548000001	0.9393614058	0.9930868583	0.9364177235000001	0.9917256339	0.9716254263	0.9729870292	1.0
