	GCF_000373565.1:775	GCF_009864845.1:776
GCF_000373565.1:775	1.0	0.9997346634000001
GCF_009864845.1:776	0.9997346634000001	1.0
