	GCF_001941265.1:147	GCF_001949645.1:148	GCF_003584805.1:149
GCF_001941265.1:147	1.0	0.9519812187000001	0.9526385039
GCF_001949645.1:148	0.9175370884	1.0	0.9378209215000001
GCF_003584805.1:149	0.9030453925	0.9223720183	1.0
