	GCF_001886595.1:285	GCF_008639045.1:286	GCF_008639165.1:287	GCF_008705255.1:288
GCF_001886595.1:285	1.0	0.8869642209	0.9811239905	0.8769179459
GCF_008639045.1:286	0.941630289	1.0	0.9410298179000001	0.9202741695000001
GCF_008639165.1:287	0.9998331612	0.9033014511	1.0	0.8926983081000001
GCF_008705255.1:288	0.9336049892	0.9228840066	0.9326211843000001	1.0
