	GCF_001905885.1:749	GCF_002099185.1:750
GCF_001905885.1:749	1.0	0.8077824579
GCF_002099185.1:750	0.7367239652	1.0
