	GCF_001905825.1:278	GCF_014656215.1:279	GCF_017877015.1:280
GCF_001905825.1:278	1.0	0.6618302903000001	0.8440208854
GCF_014656215.1:279	0.7327206006	1.0	0.7242854393
GCF_017877015.1:280	0.8959753846	0.6944818133	1.0
