	GCF_001886595.1:285	GCF_008639045.1:286	GCF_008639165.1:287	GCF_008705255.1:288
GCF_001886595.1:285	1.0	0.9007311177	0.9811335367	0.89314167
GCF_008639045.1:286	0.9562456778	1.0	0.9556473603000001	0.9377818271
GCF_008639165.1:287	0.9998428894	0.9173329377	1.0	0.9091837361
GCF_008705255.1:288	0.9508774716	0.9404413147	0.9498438667	1.0
