	GCF_001011035.1:398	GCF_003945505.1:399
GCF_001011035.1:398	1.0	0.8453634151
GCF_003945505.1:399	0.8164009161	1.0
