	GCF_000721945.1:509	GCF_001513955.1:510
GCF_000721945.1:509	1.0	0.994167341
GCF_001513955.1:510	0.9905013028	1.0
