	GCF_003949505.1:745	GCF_012034235.1:746
GCF_003949505.1:745	1.0	0.9512693985
GCF_012034235.1:746	0.9746779246	1.0
