	GCF_001865245.1:576	GCF_009025935.1:577
GCF_001865245.1:576	1.0	0.8742809382000001
GCF_009025935.1:577	0.8844171145	1.0
