	GCF_014203495.1:514	GCF_014650615.1:515
GCF_014203495.1:514	1.0	0.9991710347
GCF_014650615.1:515	0.9991710347	1.0
