	GCF_013364335.1:511	GCF_014284425.1:512	GCF_014295035.1:513
GCF_013364335.1:511	1.0	0.7880970316	0.8297749059
GCF_014284425.1:512	0.8780580204	1.0	0.9135342606
GCF_014295035.1:513	0.8964876202000001	0.8858604588000001	1.0
