	GCF_001542625.1:346	GCF_017874495.1:347
GCF_001542625.1:346	1.0	0.9947318423
GCF_017874495.1:347	1.0053266154	1.0
