	GCF_002188335.1:244	GCF_003112555.1:245	GCF_009495655.1:246	GCF_011317205.1:247
GCF_002188335.1:244	1.0	0.9903214749	0.9701080907	0.9700655446
GCF_003112555.1:245	0.9903214749	1.0	0.9690665945	0.9691118573
GCF_009495655.1:246	0.9701080907	0.9690665945	1.0	0.9860115183
GCF_011317205.1:247	0.9700655446	0.9691118573	0.9860115183	1.0
