	GCF_007896895.1:798	GCF_013423905.1:799	GCF_900079405.2:800	GCF_900104815.1:801
GCF_007896895.1:798	1.0	0.9480649590000001	0.9498374032	0.9494027521
GCF_013423905.1:799	0.9480649590000001	1.0	0.9759845764	0.9756000757000001
GCF_900079405.2:800	0.9498374032	0.9759845764	1.0	0.9933486832
GCF_900104815.1:801	0.9494027521	0.9756000757000001	0.9933486832	1.0
