	GCF_001278075.1:540	GCF_014070435.1:541
GCF_001278075.1:540	1.0	0.9519292614
GCF_014070435.1:541	1.0012774805	1.0
