	GCF_002154575.1:606	GCF_008704575.1:607
GCF_002154575.1:606	1.0	0.8163664532
GCF_008704575.1:607	0.8486105427	1.0
