	GCF_000010605.1:365	GCF_000177175.2:366	GCF_001723115.1:367	GCF_009862245.1:368	GCF_009863155.1:369	GCF_009866455.1:370	GCF_900091905.1:371	GCF_900105705.1:372
GCF_000010605.1:365	1.0	0.9230944933	0.9276103277000001	1.0	0.9230944933	0.9941395488	0.8778778761	0.9966030609000001
GCF_000177175.2:366	0.9034569853000001	1.0	0.8538514282	0.9028223998	0.9999973659	0.8998473719000001	0.8577220451	0.9119196150000001
GCF_001723115.1:367	0.9784256875	0.9202021849	1.0	0.9784040881	0.9213338683000001	0.9924223247	0.8834314212000001	1.0013692765
GCF_009862245.1:368	1.0	0.9224461144	0.9275898501000001	1.0	0.9230944933	0.9941395488	0.8778778761	0.9966030609000001
GCF_009863155.1:369	0.9034593651	1.0	0.854903764	0.9034593651	1.0	0.8998497422	0.8577243044	0.9119220171
GCF_009866455.1:370	1.0025427475	0.9271779208	0.9488330479	1.0025427475	0.9271779208	1.0	0.8871846376	1.0145930672
GCF_900091905.1:371	0.9108375518	0.9092683525	0.8689952329	0.9108375518	0.9092683525	0.9127782597	1.0	0.9155765942
GCF_900105705.1:372	0.9868724821	0.9226437836	0.9400929898	0.9868724821	0.9226437836	0.9962656682000001	0.8738294583	1.0
