	GCF_002910755.1:191	GCF_002910855.1:192	GCF_004305975.1:193
GCF_002910755.1:191	1.0	0.9961882476	0.986067537
GCF_002910855.1:192	0.9961882476	1.0	0.9862782429
GCF_004305975.1:193	0.986067537	0.9862782429	1.0
