	GCF_013358055.1:231	GCF_013358065.1:232	GCF_013358105.1:233	GCF_013358115.1:234	GCF_013358135.1:235	GCF_013358235.1:236	GCF_013358245.1:237	GCF_013358325.1:238	GCF_013358335.1:239
GCF_013358055.1:231	1.0	0.9959926029	0.9945707715000001	0.9959537537	0.9945759874000001	0.9960201926000001	0.9996077903	0.9995564445	0.9960230986
GCF_013358065.1:232	0.9959926029	1.0	0.9947793094	0.9996984675	0.9948109310000001	0.9996978554	0.9960609804	0.9960507199	0.9997079039000001
GCF_013358105.1:233	0.9945707715000001	0.9947793094	1.0	0.9947847047	0.9996977321	0.9948260776000001	0.9946422010000001	0.9946601642	0.9948381516
GCF_013358115.1:234	0.9959537537	0.9996984675	0.9947847047	1.0	0.9948470083000001	0.9997113117	0.9960759672	0.9960432427	0.9997049169000001
GCF_013358135.1:235	0.9945759874000001	0.9948109310000001	0.9996977321	0.9948470083000001	1.0	0.9949077342	0.9947133163	0.9946930295	0.9949014406000001
GCF_013358235.1:236	0.9960201926000001	0.9996978554	0.9948260776000001	0.9997113117	0.9949077342	1.0	0.9961068262	0.9961038661	0.9997291996000001
GCF_013358245.1:237	0.9996077903	0.9960609804	0.9946422010000001	0.9960759672	0.9947133163	0.9961068262	1.0	0.9997071357	0.9960634718
GCF_013358325.1:238	0.9995564445	0.9960507199	0.9946601642	0.9960432427	0.9946930295	0.9961038661	0.9997071357	1.0	0.9960589932
GCF_013358335.1:239	0.9960230986	0.9997079039000001	0.9948381516	0.9997049169000001	0.9949014406000001	0.9997291996000001	0.9960634718	0.9960589932	1.0
