	GCF_000226455.1:85	GCF_009862985.1:86	GCF_900236475.1:87	GCF_900236505.1:88
GCF_000226455.1:85	1.0	1.0	0.9997882609000001	0.9997882609000001
GCF_009862985.1:86	1.0	1.0	0.9997882609000001	0.9997882609000001
GCF_900236475.1:87	0.9997882609000001	0.9997882609000001	1.0	1.0
GCF_900236505.1:88	0.9997882609000001	0.9997882609000001	1.0	1.0
