	GCF_003054555.1:463	GCF_013357925.1:464	GCF_013357935.1:465	GCF_013357965.1:466	GCF_013358025.1:467	GCF_013358045.1:468	GCF_013358155.1:469	GCF_013358165.1:470	GCF_013358305.1:471
GCF_003054555.1:463	1	115776	103441	111294	111626	1963	110103	109654	52454
GCF_013357925.1:464	115776	1	1168	40204	40397	113978	36924	40656	101654
GCF_013357935.1:465	103441	1168	1	36873	36859	102781	33297	40084	100428
GCF_013357965.1:466	111294	40204	36873	1	2382	109711	38963	40899	100933
GCF_013358025.1:467	111626	40397	36859	2382	1	110168	39287	40845	101287
GCF_013358045.1:468	1963	113978	102781	109711	110168	1	109436	109435	52845
GCF_013358155.1:469	110103	36924	33297	38963	39287	109436	1	35181	100348
GCF_013358165.1:470	109654	40656	40084	40899	40845	109435	35181	1	101545
GCF_013358305.1:471	52454	101654	100428	100933	101287	52845	100348	101545	1
