	GCF_000993785.3:721	GCF_016605905.1:722
GCF_000993785.3:721	1.0	0.8825526277
GCF_016605905.1:722	0.9013782325	1.0
