	GCF_014649915.1:571	GCF_014748315.1:572
GCF_014649915.1:571	1.0	1.0054121096
GCF_014748315.1:572	1.0047288716	1.0
