	GCF_006539185.1:568	GCF_014655085.1:569	GCF_015710995.1:570
GCF_006539185.1:568	1.0	1.006402187	0.8797047372000001
GCF_014655085.1:569	0.9918203116000001	1.0	0.8676585395
GCF_015710995.1:570	0.8775111115	0.8782195751	1.0
