	GCF_003248335.1:153	GCF_003248355.1:154
GCF_003248335.1:153	1.0	0.9806505803000001
GCF_003248355.1:154	0.9325686236	1.0
