	GCF_002192455.1:592	GCF_002286695.1:593
GCF_002192455.1:592	1.0	0.7911412198000001
GCF_002286695.1:593	0.762118115	1.0
