	GCF_008704715.1:248	GCF_013375055.1:249	GCF_014650315.1:250	GCF_018530775.1:251	GCF_900105275.1:252	GCF_900105465.1:253
GCF_008704715.1:248	1.0	0.9403481483	1.0047547956	0.9089987811	0.8854749015000001	0.8898006255
GCF_013375055.1:249	0.8296872008	1.0	0.8275877969000001	0.799214733	0.7763796093	0.7836340135000001
GCF_014650315.1:250	0.9871871806	0.9215688374000001	1.0	0.8956234283000001	0.8667331781000001	0.8742288489000001
GCF_018530775.1:251	0.9114533913	0.9082573661000001	0.9140231396	1.0	0.8615927078000001	0.8693416071000001
GCF_900105275.1:252	0.8484725508000001	0.8431599024	0.8452935268	0.8233649802	1.0	0.9626531147
GCF_900105465.1:253	0.8425575188000001	0.8409969354	0.8425439535	0.820967856	0.9512948181	1.0
