	GCF_006716135.1:538	GCF_014138545.1:539
GCF_006716135.1:538	1.0	0.9709522118
GCF_014138545.1:539	0.9445150651	1.0
