	GCF_001905735.1:283	GCF_009865545.1:284
GCF_001905735.1:283	1.0	0.8678025567000001
GCF_009865545.1:284	0.8870982660000001	1.0
