	GCF_003865135.1:476	GCF_003865155.1:477
GCF_003865135.1:476	1.0	0.8272697239
GCF_003865155.1:477	0.7993133306	1.0
