	GCF_003173275.1:24	GCF_003994375.1:25	GCF_004125265.1:26	GCF_004125275.1:27	GCF_008087005.1:28	GCF_009811595.1:29	GCF_009811635.1:30
GCF_003173275.1:24	1.0	0.7738034789	0.5077823974	0.7737511431	0.8414409629	0.8625142311	0.5845956811
GCF_003994375.1:25	0.8214385668	1.0	0.5326232628	1.0030805423	0.814858006	0.8224764088000001	0.6109875159
GCF_004125265.1:26	0.5321341636	0.5257983509	1.0	0.5258015962	0.5195380457000001	0.5272148192	0.49717950380000003
GCF_004125275.1:27	0.8201059839	1.0015210272	0.531798462	1.0	0.8136427671	0.8210692355	0.6103111246
GCF_008087005.1:28	0.8716809929	0.7951909913	0.5135796203	0.7952414653000001	1.0	0.8868136484	0.5908633028
GCF_009811595.1:29	0.9130483719	0.8201750533000001	0.5325637791	0.8200467651000001	0.9062039681	1.0	0.6170064664
GCF_009811635.1:30	0.7142785071000001	0.7032340730000001	0.579671163	0.7035493868	0.6968913463	0.7121544271	1.0
