	GCF_002920635.1:355	GCF_014905555.1:356
GCF_002920635.1:355	1.0	0.7666775956
GCF_014905555.1:356	0.7616785045000001	1.0
