	GCF_014649915.1:571	GCF_014748315.1:572
GCF_014649915.1:571	1.0	0.9996325172
GCF_014748315.1:572	0.9996325172	1.0
