	GCF_000819545.1:584	GCF_008704995.1:585	GCF_014205035.1:586	GCF_017352335.1:587
GCF_000819545.1:584	1.0	1.0012178981	0.9991000906	0.9803438115
GCF_008704995.1:585	0.9936852428	1.0	1.0079344239	0.9811739643
GCF_014205035.1:586	0.9892002785	1.005512037	1.0	0.9816686843
GCF_017352335.1:587	0.9923106709	1.0006795624	1.0035960778	1.0
