	GCF_000403765.2:103	GCF_000695235.1:104	GCF_000935185.3:105	GCF_003851665.1:106
GCF_000403765.2:103	1.0	0.9373194599	0.9234495271000001	0.9993579362
GCF_000695235.1:104	0.9305158838	1.0	0.9454018239	0.9577057149
GCF_000935185.3:105	0.9202995260000001	0.949065778	1.0	0.9507484722
GCF_003851665.1:106	0.9671570686000001	0.9336236969	0.9232632429000001	1.0
