	GCF_007896895.1:798	GCF_013423905.1:799	GCF_900079405.2:800	GCF_900104815.1:801
GCF_007896895.1:798	1.0	0.7936311840000001	0.7963137405	0.8093434726000001
GCF_013423905.1:799	0.7708806065	1.0	0.8314713094	0.8514764884
GCF_900079405.2:800	0.8129322491000001	0.8738743961000001	1.0	0.940395682
GCF_900104815.1:801	0.7939181618000001	0.8598983847	0.9036148346	1.0
