	GCF_008039505.1:199	GCF_010384365.1:200
GCF_008039505.1:199	1.0	0.9833918455
GCF_010384365.1:200	0.9833918455	1.0
