	GCF_008642355.1:628	GCF_009865175.1:629
GCF_008642355.1:628	1.0	0.9265460903
GCF_009865175.1:629	0.8768654426	1.0
