	GCF_002188335.1:244	GCF_003112555.1:245	GCF_009495655.1:246	GCF_011317205.1:247
GCF_002188335.1:244	1.0	0.9299740687	0.8470337573000001	0.8479399670000001
GCF_003112555.1:245	0.8957862682000001	1.0	0.8287833455	0.8279802312000001
GCF_009495655.1:246	0.8070630103	0.8198118235	1.0	0.8848410853
GCF_011317205.1:247	0.8360228437	0.8474994878000001	0.9156122493000001	1.0
