	GCF_000716215.1:99	GCF_001514265.1:100
GCF_000716215.1:99	1.0	0.9609387228
GCF_001514265.1:100	0.9905002704	1.0
