	GCF_002154495.1:400	GCF_006539165.1:401	GCF_009867075.1:402
GCF_002154495.1:400	1.0	0.9943928879	0.962511471
GCF_006539165.1:401	0.9582801757	1.0	0.9658338469000001
GCF_009867075.1:402	0.9260369149000001	0.9642514751000001	1.0
