	GCF_002844215.1:682	GCF_003428925.1:683	GCF_016803985.1:684
GCF_002844215.1:682	1.0	0.9315748949	0.9053226511
GCF_003428925.1:683	0.9255684831000001	1.0	0.8848230794
GCF_016803985.1:684	0.9276598322	0.9125381417	1.0
