	GCF_003287915.1:353	GCF_003287935.1:354
GCF_003287915.1:353	1.0	0.9997400207
GCF_003287935.1:354	0.9997400207	1.0
