	GCF_002150845.1:150	GCF_017349075.1:151	GCF_017356985.1:152
GCF_002150845.1:150	1.0	0.9735275496	0.9913541007000001
GCF_017349075.1:151	0.9070888101000001	1.0	0.953195082
GCF_017356985.1:152	0.9513693037000001	0.9817492016	1.0
