	GCF_003671675.1:737	GCF_003671735.1:738	GCF_009739225.1:739	GCF_016432685.1:740	GCF_018638305.1:741	GCF_018966745.1:742
GCF_003671675.1:737	1.0	0.9089917761	0.9509698479	0.9326298690000001	0.7882349594	0.9557126708
GCF_003671735.1:738	0.8643019231	1.0	0.8972801519	0.8806703130000001	0.7433329239	0.9052688782
GCF_009739225.1:739	0.9040416267	0.8971069409	1.0	0.9362094975	0.7852266601	0.9507364073000001
GCF_016432685.1:740	0.8414355384000001	0.8356402721	0.8885111701	1.0	0.7523630585000001	0.8933662955
GCF_018638305.1:741	0.7189129244	0.7130146326	0.7533450764	0.7605653426000001	1.0	0.7592044403
GCF_018966745.1:742	0.8675161803	0.8642160044	0.9077968759	0.8988107809	0.755593791	1.0
