	GCF_001975025.1:578	GCF_003573485.1:579	GCF_004127445.1:580	GCF_004212445.1:581	GCF_016128295.1:582	GCF_018141485.1:583
GCF_001975025.1:578	1.0	0.9528832290000001	0.9618826722	0.9254603624000001	0.9305509811	0.9089643974
GCF_003573485.1:579	1.0170743942	1.0	0.9945309374	0.9772567029	0.9561872375	0.9447514298
GCF_004127445.1:580	1.0028682484	0.9714647358	1.0	0.9573729697000001	0.9208184552	0.9090819647
GCF_004212445.1:581	1.006826657	0.9960760627	0.9989787825	1.0	0.9553082060000001	0.9441094969
GCF_016128295.1:582	0.9063072560000001	0.8724995086	0.8601763948000001	0.8552279998000001	1.0	0.8845666553
GCF_018141485.1:583	0.9470938003	0.9222541989	0.9085051268000001	0.9042147852	0.9463273659	1.0
