	GCF_007679425.1:46	GCF_009834145.1:47
GCF_007679425.1:46	1.0	0.9253671937
GCF_009834145.1:47	0.9057016870000001	1.0
