	GCF_013358055.1:231	GCF_013358065.1:232	GCF_013358105.1:233	GCF_013358115.1:234	GCF_013358135.1:235	GCF_013358235.1:236	GCF_013358245.1:237	GCF_013358325.1:238	GCF_013358335.1:239
GCF_013358055.1:231	1	30507	40046	30854	39964	30230	3077	3493	30258
GCF_013358065.1:232	30507	1	38879	2424	38586	2379	30426	30507	2289
GCF_013358105.1:233	40046	38879	1	38938	2347	38576	39995	39908	38421
GCF_013358115.1:234	30854	2424	38938	1	38452	2287	30313	30572	2322
GCF_013358135.1:235	39964	38586	2347	38452	1	37952	39502	39604	37831
GCF_013358235.1:236	30230	2379	38576	2287	37952	1	29994	30026	2128
GCF_013358245.1:237	3077	30426	39995	30313	39502	29994	1	2330	30307
GCF_013358325.1:238	3493	30507	39908	30572	39604	30026	2330	1	30384
GCF_013358335.1:239	30258	2289	38421	2322	37831	2128	30307	30384	1
