	GCF_001267885.1:751	GCF_001632865.1:752
GCF_001267885.1:751	1.0	0.9916055528000001
GCF_001632865.1:752	0.9916055528000001	1.0
