	GCF_000009765.2:258	GCF_001514135.1:259	GCF_002017835.1:260	GCF_005405965.1:261	GCF_005406005.1:262	GCF_009862865.1:263
GCF_000009765.2:258	9119895	8766279	8507328	9112086	8096074	9025611
GCF_001514135.1:259	8766279	8950231	8354411	8922023	8040610	8715076
GCF_002017835.1:260	8507328	8354411	9446868	9460656	8049004	8409311
GCF_005405965.1:261	9112086	8922023	9460656	10484508	8263780	9020342
GCF_005406005.1:262	8096074	8040610	8049004	8263780	8300465	8096072
GCF_009862865.1:263	9025611	8715076	8409311	9020342	8096072	9025608
