	GCF_003950055.1:267	GCF_004522685.1:268	GCF_011007525.1:269	GCF_013364375.1:270	GCF_014280945.1:271	GCF_018310575.1:272
GCF_003950055.1:267	1.0	0.9622666302	0.8332725003	0.9743688504	0.8363363802	0.9166661305
GCF_004522685.1:268	0.9048782872000001	1.0	0.7814236947000001	0.9038911810000001	0.7846860085	0.8584926735
GCF_011007525.1:269	0.8552059562000001	0.8528555924000001	1.0	0.8577739722000001	0.9685770743000001	0.8506282769
GCF_013364375.1:270	0.9420587635000001	0.929342952	0.8080603534	1.0	0.8121341933	0.8859468373
GCF_014280945.1:271	0.8018748265000001	0.8000677377000001	0.904848996	0.8053761872	1.0	0.8090394776000001
GCF_018310575.1:272	0.908825184	0.9051301244000001	0.8217227599	0.9084943436	0.8365911978	1.0
