	GCF_000696595.1:205	GCF_000931445.1:206	GCF_001013905.1:207
GCF_000696595.1:205	1.0	0.9680341582	0.9996916224000001
GCF_000931445.1:206	0.9680341582	1.0	0.9672661376
GCF_001013905.1:207	0.9996916224000001	0.9672661376	1.0
