	GCF_000280865.2:777	GCF_002797835.1:778	GCF_900104865.1:779	GCF_900105525.1:780	GCF_900221035.1:781
GCF_000280865.2:777	1.0	0.9645002623000001	0.9644871322	0.9644074602	0.9644736564
GCF_002797835.1:778	0.9645002623000001	1.0	0.9999668310000001	0.9987033941000001	0.989848586
GCF_900104865.1:779	0.9644871322	0.9999668310000001	1.0	0.99869262	0.9898384444
GCF_900105525.1:780	0.9644074602	0.9987033941000001	0.99869262	1.0	0.9897939064000001
GCF_900221035.1:781	0.9644736564	0.989848586	0.9898384444	0.9897939064000001	1.0
