	GCF_000009765.2:258	GCF_001514135.1:259	GCF_002017835.1:260	GCF_005405965.1:261	GCF_005406005.1:262	GCF_009862865.1:263
GCF_000009765.2:258	1.0	0.9998429208	0.9996979075	0.9996577074	0.9997213464	0.9999993352000001
GCF_001514135.1:259	0.9998429208	1.0	0.9998151875000001	0.9997738181	0.9998542399	0.9998123941
GCF_002017835.1:260	0.9996979075	0.9998151875000001	1.0	0.9996339577000001	0.9997741335	0.9996501497
GCF_005405965.1:261	0.9996577074	0.9997738181	0.9996339577000001	1.0	0.9997185307	0.9996128750000001
GCF_005406005.1:262	0.9997213464	0.9998542399	0.9997741335	0.9997185307	1.0	0.9997218404
GCF_009862865.1:263	0.9999993352000001	0.9998123941	0.9996501497	0.9996128750000001	0.9997218404	1.0
