	GCF_018614095.1:610	GCF_018614475.1:611
GCF_018614095.1:610	1.0	0.9734049651000001
GCF_018614475.1:611	0.9896272970000001	1.0
