	GCF_014205055.1:787	GCF_900215615.1:788
GCF_014205055.1:787	1.0	0.9475585999
GCF_900215615.1:788	0.9475585999	1.0
