	GCF_002910755.1:191	GCF_002910855.1:192	GCF_004305975.1:193
GCF_002910755.1:191	1.0	0.9502046538000001	0.8820458670000001
GCF_002910855.1:192	0.9309795192	1.0	0.8400492283000001
GCF_004305975.1:193	0.9098307147	0.8844049976	1.0
