	GCF_003024195.1:747	GCF_018070025.1:748
GCF_003024195.1:747	1.0	0.7860240395
GCF_018070025.1:748	0.7229285166	1.0
