	GCF_000495755.1:497	GCF_000797385.1:498	GCF_000800535.1:499	GCF_010523235.1:500	GCF_013363465.1:501	GCF_013363485.1:502	GCF_013363585.1:503	GCF_015601545.1:504	GCF_018638335.1:505
GCF_000495755.1:497	1.0	0.9056566362	0.8001246526	0.9230514305	0.7946861232	0.8084271805000001	0.8074135513	0.8062317579	0.9016869756
GCF_000797385.1:498	0.9144723717000001	1.0	0.8063928781	0.9357097347000001	0.8002449399	0.8098338023	0.8090295559	0.7993001635	0.9234188316
GCF_000800535.1:499	0.788909626	0.7874251318000001	1.0	0.7904339415	0.8883959846	0.9425427654	0.9413936318	0.9049171734	0.7848184218
GCF_010523235.1:500	0.9256565272	0.9293046295	0.8039331654	1.0	0.7972794818000001	0.8064484946	0.8052381053000001	0.8042671973000001	0.9202322841
GCF_013363465.1:501	0.8281849545000001	0.8259383438000001	0.9390066986000001	0.8285492459	1.0	0.9951756313000001	0.9939473942	0.9495077959	0.8220833658000001
GCF_013363485.1:502	0.7943902657	0.7881010244000001	0.9393435720000001	0.7902157372	0.9383417350000001	1.0	1.0020121092	0.9103518322	0.7838586006
GCF_013363585.1:503	0.7943826402	0.7882991954	0.9393671384000001	0.7900126781	0.9383511773000001	1.0032604074	1.0	0.9103527108	0.784250442
GCF_015601545.1:504	0.8429477319	0.8276441159	0.959577314	0.8385271581	0.9525934106	0.9686279772	0.9674237037000001	1.0	0.8279377909000001
GCF_018638335.1:505	0.9317271377	0.9449844461	0.8224936117	0.94821418	0.8151116535	0.8242855171	0.8236714445000001	0.8182573396	1.0
