	GCF_012927225.1:617	GCF_012927245.1:618
GCF_012927225.1:617	1.0	1.0050260564
GCF_012927245.1:618	1.0045856408	1.0
