	GCF_001750785.1:709	GCF_002119225.1:710	GCF_008704425.1:711
GCF_001750785.1:709	1.0	0.9456825968	0.9744153604
GCF_002119225.1:710	0.9213164904000001	1.0	0.9934690348
GCF_008704425.1:711	0.9480009082	0.9921001597	1.0
