	GCF_000342125.1:707	GCF_017916255.1:708
GCF_000342125.1:707	1.0	0.9998062184000001
GCF_017916255.1:708	0.9998062184000001	1.0
