	GCF_002154575.1:606	GCF_008704575.1:607
GCF_002154575.1:606	1.0	0.9774459359000001
GCF_008704575.1:607	0.9774459359000001	1.0
