	GCF_000717875.1:208	GCF_000721955.1:209	GCF_000722015.1:210
GCF_000717875.1:208	1.0	0.9527540041	0.9537534284
GCF_000721955.1:209	0.9382408415000001	1.0	0.9361921788
GCF_000722015.1:210	0.9690906881	0.9659613857	1.0
