	GCF_003054555.1:463	GCF_013357925.1:464	GCF_013357935.1:465	GCF_013357965.1:466	GCF_013358025.1:467	GCF_013358045.1:468	GCF_013358155.1:469	GCF_013358165.1:470	GCF_013358305.1:471
GCF_003054555.1:463	1.0	0.9833849587000001	0.9838497088	0.9837624693	0.9837338807	0.9997688979	0.9839235958	0.9848421973	0.9921646408
GCF_013357925.1:464	0.9833849587000001	1.0	0.9998389481000001	0.9945863421000001	0.9945682456	0.9835704261	0.9950776125	0.9945365398	0.9838671409
GCF_013357935.1:465	0.9838497088	0.9998389481000001	1.0	0.9945496543000001	0.9945583636	0.983907207	0.995120894	0.9940860512	0.9839331807
GCF_013357965.1:466	0.9837624693	0.9945863421000001	0.9945496543000001	1.0	0.9996946595	0.9839463003000001	0.9947469516	0.9945056355	0.9838233154
GCF_013358025.1:467	0.9837338807	0.9945682456	0.9945583636	0.9996946595	1.0	0.9839032371	0.9947088942000001	0.9945215008	0.9837756257
GCF_013358045.1:468	0.9997688979	0.9835704261	0.983907207	0.9839463003000001	0.9839032371	1.0	0.9839879015	0.9848032927	0.992089227
GCF_013358155.1:469	0.9839235958	0.9950776125	0.995120894	0.9947469516	0.9947088942000001	0.9839879015	1.0	0.9952543651	0.9839798770000001
GCF_013358165.1:470	0.9848421973	0.9945365398	0.9940860512	0.9945056355	0.9945215008	0.9848032927	0.9952543651	1.0	0.9837591898
GCF_013358305.1:471	0.9921646408	0.9838671409	0.9839331807	0.9838233154	0.9837756257	0.992089227	0.9839798770000001	0.9837591898	1.0
