	GCF_005405925.1:659	GCF_009936315.1:660	GCF_900105695.1:661
GCF_005405925.1:659	1.0	0.8927589351	0.8254774235000001
GCF_009936315.1:660	0.9068462081	1.0	0.8395497888000001
GCF_900105695.1:661	0.8564789727000001	0.8575481730000001	1.0
