	GCF_003024195.1:747	GCF_018070025.1:748
GCF_003024195.1:747	1.0	0.9364603021000001
GCF_018070025.1:748	0.9364603021000001	1.0
