	GCF_001704635.1:186	GCF_001969965.1:187
GCF_001704635.1:186	1.0	0.9995863515000001
GCF_001969965.1:187	0.9995863515000001	1.0
