	GCF_000297155.3:42	GCF_003932715.1:43	GCF_009862825.1:44	GCF_016919685.1:45
GCF_000297155.3:42	1.0	1.0042054719	0.9563120051	1.0028832133
GCF_003932715.1:43	1.0025087449	1.0	0.9541240978000001	1.0034489475
GCF_009862825.1:44	0.9979351086	0.9973370955	1.0	0.9935330394
GCF_016919685.1:45	1.0118476601	1.0141319502	0.9606039973	1.0
