	GCF_002891295.1:700	GCF_014203505.1:701	GCF_015475845.1:702
GCF_002891295.1:700	1.0	1.0001220439	0.9964715705
GCF_014203505.1:701	1.0051193979	1.0	1.0086499997
GCF_015475845.1:702	0.9980261942	1.0052008917	1.0
