	GCF_005405925.1:659	GCF_009936315.1:660	GCF_900105695.1:661
GCF_005405925.1:659	1.0	0.8817410537	0.7999371588
GCF_009936315.1:660	0.8956544702	1.0	0.8136586
GCF_900105695.1:661	0.8299795204	0.8311019253	1.0
