	GCF_003173275.1:24	GCF_003994375.1:25	GCF_004125265.1:26	GCF_004125275.1:27	GCF_008087005.1:28	GCF_009811595.1:29	GCF_009811635.1:30
GCF_003173275.1:24	9687439	7756679	5452653	7756160	8300178	8507401	6140047
GCF_003994375.1:25	7756679	9125666	5386319	9153982	7687948	7769002	6046494
GCF_004125265.1:26	5452653	5386319	9244118	5386524	5321171	5402552	5109686
GCF_004125275.1:27	7756160	9153982	5386524	9139876	7688325	7767499	6049099
GCF_008087005.1:28	8300178	7687948	5321171	7688325	9351366	8415238	5984440
GCF_009811595.1:29	8507401	7769002	5402552	7767499	8415238	9151272	6121205
GCF_009811635.1:30	6140047	6046494	5109686	6049099	5984440	6121205	7928609
