	GCF_003054555.1:463	GCF_013357925.1:464	GCF_013357935.1:465	GCF_013357965.1:466	GCF_013358025.1:467	GCF_013358045.1:468	GCF_013358155.1:469	GCF_013358165.1:470	GCF_013358305.1:471
GCF_003054555.1:463	1.0	0.7995583762	0.7352763783	0.7867767474	0.7877139494000001	0.9908901680000001	0.7862870267000001	0.8313126277	0.7750200666
GCF_013357925.1:464	0.8565801561	1.0	0.9064301439	0.923311567	0.9246362449000001	0.8529577617	0.9330764564	0.9251346397	0.7749557764
GCF_013357935.1:465	0.8638451153000001	0.9940352282	1.0	0.9223710540000001	0.9235046225	0.8614504878	0.9309695321	0.9236602157	0.8431120122
GCF_013357965.1:466	0.8098378061	0.8871089802000001	0.80810339	1.0	0.9366574807	0.8076114456	0.8861548772000001	0.8891161516	0.7372534348
GCF_013358025.1:467	0.8592856337	0.9415038411000001	0.8574776722	0.9926663257	1.0	0.8571322197000001	0.9401062476000001	0.9437783035	0.7817363813
GCF_013358045.1:468	0.9945364496	0.7991068971	0.7359363234	0.7875010101000001	0.7886312666	1.0	0.7876012587000001	0.8305406985	0.7761405917
GCF_013358155.1:469	0.8712496648	0.9650746621	0.8780347697	0.9539478090000001	0.9549253844000001	0.8695062941	1.0	0.9539353970000001	0.7968931695
GCF_013358165.1:470	0.8454771621	0.8782630552	0.7995846967	0.8785155885	0.8799104551	0.8415951749	0.8755782276	1.0	0.7299391499
GCF_013358305.1:471	0.9237507557	0.8621859618000001	0.8553460781000001	0.8537134681	0.8541480798000001	0.9216946601	0.8571966198000001	0.8554428749	1.0
