	GCF_001905365.1:793	GCF_003752275.1:794
GCF_001905365.1:793	1.0	0.9202900724
GCF_003752275.1:794	0.9202900724	1.0
