	GCF_003054555.1:463	GCF_013357925.1:464	GCF_013357935.1:465	GCF_013357965.1:466	GCF_013358025.1:467	GCF_013358045.1:468	GCF_013358155.1:469	GCF_013358165.1:470	GCF_013358305.1:471
GCF_003054555.1:463	8570191	6968144	6404900	6854121	6862485	8494081	6848733	7234162	6694524
GCF_013357925.1:464	6968144	7999681	7252320	7426402	7437192	6937368	7501238	7441438	6301053
GCF_013357935.1:465	6404900	7252320	7294663	6765259	6773514	6386772	6824406	6777874	6250646
GCF_013357965.1:466	6854121	7426402	6765259	8326145	7801128	6834001	7417217	7443809	6239412
GCF_013358025.1:467	6862485	7437192	6773514	7801128	7856362	6844109	7425102	7455509	6242891
GCF_013358045.1:468	8494081	6937368	6386772	6834001	6844109	8538770	6834582	7201231	6680131
GCF_013358155.1:469	6848733	7501238	6824406	7417217	7425102	6834582	7734442	7413339	6263872
GCF_013358165.1:470	7234162	7441438	6777874	7443809	7455509	7201231	7413339	8426612	6252459
GCF_013358305.1:471	6694524	6301053	6250646	6239412	6242891	6680131	6263872	6252459	7190327
