	GCF_000718375.1:743	GCF_001279005.1:744
GCF_000718375.1:743	1.0	1.0040544666
GCF_001279005.1:744	1.0020362642	1.0
