	GCF_000237305.1:273	GCF_000240165.1:274	GCF_009862885.1:275
GCF_000237305.1:273	1.0	0.9998881497000001	1.0
GCF_000240165.1:274	0.9998881497000001	1.0	0.9999006946000001
GCF_009862885.1:275	1.0	0.9999006946000001	1.0
