	GCF_001514125.1:619	GCF_005280195.1:620	GCF_005280215.1:621
GCF_001514125.1:619	1.0	0.9432278219	0.9548649474
GCF_005280195.1:620	0.9432278219	1.0	0.9439549223
GCF_005280215.1:621	0.9548649474	0.9439549223	1.0
