	GCF_001941265.1:147	GCF_001949645.1:148	GCF_003584805.1:149
GCF_001941265.1:147	1.0	0.9580223795	0.9533914798
GCF_001949645.1:148	0.9233596707	1.0	0.9438746419
GCF_003584805.1:149	0.9037591694	0.9283260146000001	1.0
