	GCF_000721235.1:817	GCF_001767375.1:818	GCF_011650445.1:819	GCF_015244315.1:820
GCF_000721235.1:817	1.0	0.8592113454	0.8858401387	0.8603105497
GCF_001767375.1:818	0.9016592382	1.0	0.9176875796	0.8770666214
GCF_011650445.1:819	0.9116122931	0.8999269094000001	1.0	0.8660860978
GCF_015244315.1:820	0.8731609099000001	0.8482603861	0.8541719107	1.0
