	GCF_006539185.1:568	GCF_014655085.1:569	GCF_015710995.1:570
GCF_006539185.1:568	1.0	0.9999717273000001	0.9732716798000001
GCF_014655085.1:569	0.9999717273000001	1.0	0.9732253351000001
GCF_015710995.1:570	0.9732716798000001	0.9732253351000001	1.0
