	GCF_003671675.1:737	GCF_003671735.1:738	GCF_009739225.1:739	GCF_016432685.1:740	GCF_018638305.1:741	GCF_018966745.1:742
GCF_003671675.1:737	6958514	6325232	6617337	6489718	5484944	6650340
GCF_003671735.1:738	6325232	7318313	6566577	6445021	5439943	6625041
GCF_009739225.1:739	6617337	6566577	7319726	6852797	5747644	6959130
GCF_016432685.1:740	6489718	6445021	6852797	7712674	5802731	6890243
GCF_018638305.1:741	5484944	5439943	5747644	5802731	7629497	5792348
GCF_018966745.1:742	6650340	6625041	6959130	6890243	5792348	7665955
