	GCF_002007125.1:615	GCF_009296025.1:616
GCF_002007125.1:615	1.0	1.047171097
GCF_009296025.1:616	1.0314218935	1.0
