	GCF_007280575.1:590	GCF_007280585.1:591
GCF_007280575.1:590	1.0	0.9841184326
GCF_007280585.1:591	0.9958045905	1.0
