	GCF_000725555.1:601	GCF_001005295.1:602	GCF_001531145.1:603	GCF_001953875.1:604	GCF_002007685.1:605
GCF_000725555.1:601	1.0	0.9315690728	0.9446092538	0.9442485731	0.9441378974
GCF_001005295.1:602	0.9315690728	1.0	0.9272987314000001	0.9275714396	0.9271560355
GCF_001531145.1:603	0.9446092538	0.9272987314000001	1.0	0.9925556146000001	0.9908853509000001
GCF_001953875.1:604	0.9442485731	0.9275714396	0.9925556146000001	1.0	0.9909611594000001
GCF_002007685.1:605	0.9441378974	0.9271560355	0.9908853509000001	0.9909611594000001	1.0
