	GCF_006716135.1:538	GCF_014138545.1:539
GCF_006716135.1:538	1.0	0.9920385429
GCF_014138545.1:539	0.9920385429	1.0
