	GCF_000411495.1:782	GCF_000813365.1:783	GCF_001418125.1:784	GCF_001418545.1:785	GCF_011006355.1:786
GCF_000411495.1:782	1.0	0.9952336106	0.9951989938	0.9952289558	0.9942554071
GCF_000813365.1:783	0.9952336106	1.0	0.9995697215	0.9995279135	0.9940814837
GCF_001418125.1:784	0.9951989938	0.9995697215	1.0	0.9994033982	0.9939729979
GCF_001418545.1:785	0.9952289558	0.9995279135	0.9994033982	1.0	0.9941510177
GCF_011006355.1:786	0.9942554071	0.9940814837	0.9939729979	0.9941510177	1.0
