	GCF_000696595.1:205	GCF_000931445.1:206	GCF_001013905.1:207
GCF_000696595.1:205	1.0	0.7814178021	0.9991701955000001
GCF_000931445.1:206	0.7907260851	1.0	0.8120189952
GCF_001013905.1:207	0.9662484083	0.7760196964	1.0
