	GCF_001267885.1:751	GCF_001632865.1:752
GCF_001267885.1:751	1.0	0.8840480566000001
GCF_001632865.1:752	0.9118280986	1.0
