	GCF_000010605.1:365	GCF_000177175.2:366	GCF_001723115.1:367	GCF_009862245.1:368	GCF_009863155.1:369	GCF_009866455.1:370	GCF_900091905.1:371	GCF_900105705.1:372
GCF_000010605.1:365	1	70901	3922	0	70901	1025	62161	455
GCF_000177175.2:366	70901	1	67214	70287	0	70508	54376	72474
GCF_001723115.1:367	3922	67214	1	3893	67301	4331	60628	4149
GCF_009862245.1:368	0	70287	3893	1	70901	1025	62161	455
GCF_009863155.1:369	70901	0	67301	70901	1	70508	54376	72474
GCF_009866455.1:370	1025	70508	4331	1025	70508	1	63159	1099
GCF_900091905.1:371	62161	54376	60628	62161	54376	63159	1	63183
GCF_900105705.1:372	455	72474	4149	455	72474	1099	63183	1
