	GCF_001748165.1:634	GCF_001983975.1:635	GCF_002591335.1:636	GCF_002812405.1:637	GCF_006974005.1:638	GCF_011800555.1:639	GCF_013345665.1:640	GCF_015689475.1:641
GCF_001748165.1:634	1.0	0.8285880893	0.8739381561	0.932292679	0.8740736327	0.7789063946	0.9460609263	0.9501942980000001
GCF_001983975.1:635	0.9434180424	1.0	0.8616689217	0.9401080645000001	0.8618650009000001	0.8852167868	0.95424835	0.9452180043
GCF_002591335.1:636	0.9432295341	0.8167922860000001	1.0	0.9317333181	0.9993835762000001	0.7875608780000001	0.9424307798	0.9451148249
GCF_002812405.1:637	0.9206791709000001	0.8153955383	0.8525325709	1.0	0.8546330828	0.7750934734	0.9179837198	0.9273514151000001
GCF_006974005.1:638	0.9498723894000001	0.8226043428	1.0062659162	0.9404612386000001	1.0	0.7929721127	0.9523818672000001	0.9516904441
GCF_011800555.1:639	0.8451697118	0.8436121097	0.7917828677000001	0.8516412556	0.7917705162	1.0	0.840024834	0.8506087804
GCF_013345665.1:640	0.9257639147000001	0.8201193687	0.8544642847	0.9096201612	0.8575807348000001	0.7575557735	1.0	0.9221572677000001
GCF_015689475.1:641	0.9466485606	0.8270711135000001	0.872417251	0.9355449392	0.8724786796	0.7809937613	0.9388586452000001	1.0
