	GCF_000721335.1:264	GCF_000725645.1:265	GCF_001279355.1:266
GCF_000721335.1:264	1.0	0.9780922948	0.9545735422
GCF_000725645.1:265	0.9577682781	1.0	0.9408919095
GCF_001279355.1:266	0.9257581850000001	0.9318527486	1.0
