	GCF_003665435.1:839	GCF_006715925.1:840	GCF_013364175.1:841
GCF_003665435.1:839	1.0	0.9450180346	0.9501576525000001
GCF_006715925.1:840	0.9336248226	1.0	0.9278767705000001
GCF_013364175.1:841	0.9452606634	0.9343593239	1.0
