	GCF_001282115.1:558	GCF_002156095.1:559
GCF_001282115.1:558	1.0	0.9889553096
GCF_002156095.1:559	1.0038188448	1.0
