	GCF_000342125.1:707	GCF_017916255.1:708
GCF_000342125.1:707	1.0	1.0135627926
GCF_017916255.1:708	1.000679422	1.0
