	GCF_001592685.1:138	GCF_002943895.1:139	GCF_003116715.1:140	GCF_009299385.1:141	GCF_011758705.1:142	GCF_014197485.1:143
GCF_001592685.1:138	1.0	1.0065498237	0.8827152915	0.9044022334	0.9011273860000001	0.8995096748
GCF_002943895.1:139	0.9948504105	1.0	0.8741120909000001	0.8935941674000001	0.8905891472	0.8888550017
GCF_003116715.1:140	0.9498177311	0.9516214963	1.0	0.9434828569	0.9399838769000001	0.9424968929
GCF_009299385.1:141	0.9338722878000001	0.9335631076	0.9053995050000001	1.0	0.996866424	0.9995770723
GCF_011758705.1:142	0.9359055864	0.9358381451000001	0.9072910627	1.0026675452	1.0	0.9971139396
GCF_014197485.1:143	0.9353830979000001	0.9351732884	0.9108439620000001	1.0066398139	0.9983495255	1.0
