	GCF_000719785.1:642	GCF_016834575.1:643
GCF_000719785.1:642	1.0	0.9190300606
GCF_016834575.1:643	0.9634769488	1.0
