	GCF_001047325.1:217	GCF_001270485.1:218	GCF_001270495.1:219
GCF_001047325.1:217	1.0	0.946304797	0.9370818583
GCF_001270485.1:218	0.9780611572000001	1.0	0.9853531282
GCF_001270495.1:219	0.9675218837	0.9843288097	1.0
