	GCF_000718375.1:743	GCF_001279005.1:744
GCF_000718375.1:743	1.0	0.9998540462000001
GCF_001279005.1:744	0.9998540462000001	1.0
