	GCF_002155725.1:687	GCF_014852565.1:688	GCF_014852655.1:689
GCF_002155725.1:687	1.0	0.8826096510000001	0.8826189722000001
GCF_014852565.1:688	0.8804364944	1.0	1.0116307474
GCF_014852655.1:689	0.8817198825	1.0130946745	1.0
