	GCF_000237305.1:273	GCF_000240165.1:274	GCF_009862885.1:275
GCF_000237305.1:273	1.0	1.0075631262	0.7764004758
GCF_000240165.1:274	1.0071944774	1.0	0.7811642619
GCF_009862885.1:275	1.0	1.0065039944	1.0
