	GCF_001905735.1:283	GCF_009865545.1:284
GCF_001905735.1:283	1.0	0.973598661
GCF_009865545.1:284	0.973598661	1.0
