	GCF_014252945.1:242	GCF_902506575.1:243
GCF_014252945.1:242	1.0	0.9825111161000001
GCF_902506575.1:243	0.9921638642	1.0
