	GCF_005981935.1:491	GCF_005981965.1:492
GCF_005981935.1:491	1.0	0.8995735657
GCF_005981965.1:492	0.8321661848	1.0
