	GCF_008642355.1:628	GCF_009865175.1:629
GCF_008642355.1:628	1.0	0.9969509368
GCF_009865175.1:629	0.9969509368	1.0
