	GCF_001746415.1:38	GCF_001746455.1:39	GCF_001746465.1:40	GCF_001746475.1:41
GCF_001746415.1:38	1.0	0.9237946738	0.9136059641000001	0.9150386932000001
GCF_001746455.1:39	0.940942617	1.0	0.9223146160000001	0.9186574352
GCF_001746465.1:40	0.8765796838000001	0.8688081393	1.0	0.8900843728000001
GCF_001746475.1:41	0.9262262808	0.9129427622	0.9390232422	1.0
