	GCF_001905505.1:648	GCF_002711365.1:649	GCF_002941025.1:650	GCF_004125315.1:651	GCF_009863285.1:652
GCF_001905505.1:648	1.0	0.5883023363000001	0.5962152359	0.5914964073	0.5883023363000001
GCF_002711365.1:649	0.6213603872	1.0	0.7079522773	0.8571555698000001	0.999897409
GCF_002941025.1:650	0.5639723358000001	0.6340386386	1.0	0.6390706343	0.6341120743
GCF_004125315.1:651	0.5917359305000001	0.8118812120000001	0.6758805675	1.0	0.8119422607000001
GCF_009863285.1:652	0.6213603872	0.999897409	0.7080342738000001	0.8572200229	1.0
