	GCF_003671715.1:789	GCF_018070535.1:790
GCF_003671715.1:789	1.0	0.9602759852
GCF_018070535.1:790	0.9602759852	1.0
