	GCF_000412265.2:31	GCF_000718155.1:32	GCF_001905425.1:33	GCF_002803195.1:34	GCF_002803845.1:35	GCF_017825375.1:36	GCF_018255875.1:37
GCF_000412265.2:31	1.0	0.4495113865	0.8072290276	0.8386239268000001	0.46264601990000004	0.798452719	0.45683017800000003
GCF_000718155.1:32	0.46278554040000003	1.0	0.46118836290000004	0.4620921938	1.002902488	0.45169223210000004	0.9311211602
GCF_001905425.1:33	0.8742281660000001	0.4851402195	1.0	0.8660141565	0.4970843795	0.8277388947000001	0.4906945043
GCF_002803195.1:34	0.8649236318	0.46291373020000004	0.8247218133	1.0	0.47504957900000006	0.8171310211	0.47003713100000005
GCF_002803845.1:35	0.45142795220000004	0.9505155835	0.4478594151	0.44943618970000004	1.0	0.44001125290000004	0.9063854840000001
GCF_017825375.1:36	0.9233878452000001	0.5073860089000001	0.8838942083	0.9162545269000001	0.521505768	1.0	0.5166107749000001
GCF_018255875.1:37	0.49550281620000003	0.9809761623000001	0.4914445369	0.49432547720000003	1.0075454976	0.4845290855	1.0
