	GCF_000412265.2:31	GCF_000718155.1:32	GCF_001905425.1:33	GCF_002803195.1:34	GCF_002803845.1:35	GCF_017825375.1:36	GCF_018255875.1:37
GCF_000412265.2:31	1.0	0.8799734258	0.9775044999	0.9857389238	0.8801905440000001	0.987140659	0.8802257477000001
GCF_000718155.1:32	0.8799734258	1.0	0.8796551586	0.8799554822000001	0.9996132584	0.8796509285	0.9995861181000001
GCF_001905425.1:33	0.9775044999	0.8796551586	1.0	0.9775857537	0.8792838227	0.9787859474	0.8792475338
GCF_002803195.1:34	0.9857389238	0.8799554822000001	0.9775857537	1.0	0.8794422874000001	0.9912813469	0.8794722669
GCF_002803845.1:35	0.8801905440000001	0.9996132584	0.8792838227	0.8794422874000001	1.0	0.8799764028	0.9999908604000001
GCF_017825375.1:36	0.987140659	0.8796509285	0.9787859474	0.9912813469	0.8799764028	1.0	0.8799785929
GCF_018255875.1:37	0.8802257477000001	0.9995861181000001	0.8792475338	0.8794722669	0.9999908604000001	0.8799785929	1.0
