	GCF_000280865.2:777	GCF_002797835.1:778	GCF_900104865.1:779	GCF_900105525.1:780	GCF_900221035.1:781
GCF_000280865.2:777	1.0	0.857543778	0.8576137652	0.8605682854000001	0.8593654685000001
GCF_002797835.1:778	0.8232530461	1.0	1.0146192809	1.0052725395	0.9140873492
GCF_900104865.1:779	0.8089104374	0.9968613569	1.0	0.9869143425	0.8981369283
GCF_900105525.1:780	0.8148080023000001	0.9914634801000001	0.9906966924	1.0	0.9089348804
GCF_900221035.1:781	0.8268215777	0.9161035281000001	0.9161524782	0.9236272223	1.0
