	GCF_002920635.1:355	GCF_014905555.1:356
GCF_002920635.1:355	1.0	0.7258853201000001
GCF_014905555.1:356	0.7211522134	1.0
