	GCF_016916835.1:599	GCF_017164735.1:600
GCF_016916835.1:599	1.0	0.9998794950000001
GCF_017164735.1:600	0.9998794950000001	1.0
