	GCF_001905505.1:648	GCF_002711365.1:649	GCF_002941025.1:650	GCF_004125315.1:651	GCF_009863285.1:652
GCF_001905505.1:648	1.0	0.6552974252	0.6642488162	0.6591672137	0.6552974252
GCF_002711365.1:649	0.6921200831000001	1.0	0.7732068917	0.8872963483	0.999897409
GCF_002941025.1:650	0.628326708	0.692480356	1.0	0.6982725534	0.6926437361000001
GCF_004125315.1:651	0.6594341398	0.8404299756	0.7384924676	1.0	0.8404450271
GCF_009863285.1:652	0.6921200831000001	0.999897409	0.7733893181	0.8873122391	1.0
