	GCF_000720145.1:223	GCF_001279655.1:224	GCF_001280885.1:225	GCF_003751425.1:226	GCF_004364395.1:227	GCF_004794975.1:228	GCF_004795055.1:229	GCF_008704935.1:230
GCF_000720145.1:223	1.0	0.9317332915000001	0.9139066269	0.9261710155	0.9139974827	0.914011773	0.8754230613	0.9271466557
GCF_001279655.1:224	0.9317332915000001	1.0	0.9182761156	0.9272929602000001	0.9182062046	0.9179589431	0.8761922813	0.9280261974
GCF_001280885.1:225	0.9139066269	0.9182761156	1.0	0.9116394722000001	0.9898848949000001	0.9911192406	0.8759738850000001	0.9121459357
GCF_003751425.1:226	0.9261710155	0.9272929602000001	0.9116394722000001	1.0	0.9114647476000001	0.9112481697	0.875068633	0.9755453196
GCF_004364395.1:227	0.9139974827	0.9182062046	0.9898848949000001	0.9114647476000001	1.0	0.9893832894000001	0.8762188405	0.9121610001
GCF_004794975.1:228	0.914011773	0.9179589431	0.9911192406	0.9112481697	0.9893832894000001	1.0	0.8761186555	0.9120943690000001
GCF_004795055.1:229	0.8754230613	0.8761922813	0.8759738850000001	0.875068633	0.8762188405	0.8761186555	1.0	0.8748884677000001
GCF_008704935.1:230	0.9271466557	0.9280261974	0.9121459357	0.9755453196	0.9121610001	0.9120943690000001	0.8748884677000001	1.0
