	GCF_001543895.1:802	GCF_001543915.1:803	GCF_001543925.1:804
GCF_001543895.1:802	1.0	0.916455207	0.8544627393
GCF_001543915.1:803	0.9954912002	1.0	0.8544398804000001
GCF_001543925.1:804	0.8747769161000001	0.8053033642	1.0
