	GCF_000411495.1:782	GCF_000813365.1:783	GCF_001418125.1:784	GCF_001418545.1:785	GCF_011006355.1:786
GCF_000411495.1:782	1.0	0.9429703930000001	0.9053026677	0.852556544	0.9622583647
GCF_000813365.1:783	0.9794080225	1.0	0.9459093548	0.898957023	0.9833088661
GCF_001418125.1:784	0.9682411347000001	0.9740329525	1.0	0.9124841090000001	0.980213097
GCF_001418545.1:785	0.9657718924	0.9804483029000001	0.9664668232	1.0	0.9760578451
GCF_011006355.1:786	0.9406457386	0.9254623439	0.8959116196	0.8422840650000001	1.0
