	GCF_006547165.1:214	GCF_006547175.1:215	GCF_006547185.1:216
GCF_006547165.1:214	1.0	0.8621589619000001	0.8478432304
GCF_006547175.1:215	0.8776077764	1.0	0.9482423316
GCF_006547185.1:216	0.8667894985	0.9523669322	1.0
