	GCF_003635085.1:155	GCF_900199205.1:156
GCF_003635085.1:155	1.0	0.9616809237
GCF_900199205.1:156	0.9545579463	1.0
