	GCF_000220705.2:483	GCF_001190165.1:484	GCF_001756925.1:485
GCF_000220705.2:483	1.0	0.9616153713000001	0.9618924836
GCF_001190165.1:484	0.9616153713000001	1.0	0.9998766456
GCF_001756925.1:485	0.9618924836	0.9998766456	1.0
