	GCF_001723055.1:791	GCF_004563805.1:792
GCF_001723055.1:791	1.0	0.9413224776
GCF_004563805.1:792	0.9169343119000001	1.0
