	GCF_002846455.1:144	GCF_900105245.1:145	GCF_900105605.1:146
GCF_002846455.1:144	1.0	0.9999939057	0.9932344694
GCF_900105245.1:145	0.9999939057	1.0	0.9932851296
GCF_900105605.1:146	0.9932344694	0.9932851296	1.0
