	GCF_001543895.1:802	GCF_001543915.1:803	GCF_001543925.1:804
GCF_001543895.1:802	1.0	0.9998370163	0.9955884462000001
GCF_001543915.1:803	0.9998370163	1.0	0.9956589355000001
GCF_001543925.1:804	0.9955884462000001	0.9956589355000001	1.0
