	GCF_001419705.1:573	GCF_001672315.1:574	GCF_008704445.1:575
GCF_001419705.1:573	1.0	0.8470864517000001	0.8360247842
GCF_001672315.1:574	0.8193874784	1.0	0.8678628758
GCF_008704445.1:575	0.8126313485000001	0.8720952948	1.0
