	GCF_003665435.1:839	GCF_006715925.1:840	GCF_013364175.1:841
GCF_003665435.1:839	1.0	0.9905523410000001	0.9915674376
GCF_006715925.1:840	0.9905523410000001	1.0	0.9910999539
GCF_013364175.1:841	0.9915674376	0.9910999539	1.0
