	GCF_001685355.1:194	GCF_003344445.1:195	GCF_014083905.1:196
GCF_001685355.1:194	1.0	0.9269905943000001	0.9219598037000001
GCF_003344445.1:195	1.0054688864	1.0	0.9988949547
GCF_014083905.1:196	0.9505230610000001	0.9494611132	1.0
