	GCF_016612775.1:685	GCF_016654055.1:686
GCF_016612775.1:685	1.0	0.9365330529
GCF_016654055.1:686	0.9513675142	1.0
