	GCF_003955715.1:357	GCF_900206255.1:358
GCF_003955715.1:357	1.0	0.9553956365
GCF_900206255.1:358	0.9553956365	1.0
