	GCF_000993785.3:721	GCF_016605905.1:722
GCF_000993785.3:721	1.0	0.8650674791
GCF_016605905.1:722	0.8835201107	1.0
