	GCF_003671675.1:737	GCF_003671735.1:738	GCF_009739225.1:739	GCF_016432685.1:740	GCF_018638305.1:741	GCF_018966745.1:742
GCF_003671675.1:737	1.0	0.992374509	0.9917841573	0.9849754643	0.9133353048	0.9920659696
GCF_003671735.1:738	0.992374509	1.0	0.9913390188000001	0.9847247976000001	0.9138588401000001	0.9907857174
GCF_009739225.1:739	0.9917841573	0.9913390188000001	1.0	0.9853233650000001	0.9132068722000001	0.9918211041
GCF_016432685.1:740	0.9849754643	0.9847247976000001	0.9853233650000001	1.0	0.9119509417	0.9847825396000001
GCF_018638305.1:741	0.9133353048	0.9138588401000001	0.9132068722000001	0.9119509417	1.0	0.9123094814
GCF_018966745.1:742	0.9920659696	0.9907857174	0.9918211041	0.9847825396000001	0.9123094814	1.0
