	GCF_003024195.1:747	GCF_018070025.1:748
GCF_003024195.1:747	1.0	0.8393564978
GCF_018070025.1:748	0.7719798853000001	1.0
