	GCF_000280865.2:777	GCF_002797835.1:778	GCF_900104865.1:779	GCF_900105525.1:780	GCF_900221035.1:781
GCF_000280865.2:777	1.0	0.8891068376	0.8891915056	0.8923285239000001	0.8910201568
GCF_002797835.1:778	0.8535539888	1.0	1.0146529359	1.006577674	0.9234617923
GCF_900104865.1:779	0.8386948984	0.9968944229000001	1.0	0.9882063036000001	0.9073570878
GCF_900105525.1:780	0.8448794062	0.9927506865000001	0.9919936049	1.0	0.9183072097
GCF_900221035.1:781	0.8572775132	0.9254986481	0.925557583	0.9331510492	1.0
