	GCF_000010605.1:365	GCF_000177175.2:366	GCF_001723115.1:367	GCF_009862245.1:368	GCF_009863155.1:369	GCF_009866455.1:370	GCF_900091905.1:371	GCF_900105705.1:372
GCF_000010605.1:365	1.0	0.9910923927	0.9995054981	1.0	0.9910923927	0.9998793674	0.9917824749	0.9999465797
GCF_000177175.2:366	0.9910923927	1.0	0.9910652640000001	0.9911626985	1.0	0.9911061104000001	0.9927918976000001	0.9909802868
GCF_001723115.1:367	0.9995054981	0.9910652640000001	1.0	0.9995091420000001	0.9910646931	0.9994616549	0.9916007552	0.9994888715
GCF_009862245.1:368	1.0	0.9911626985	0.9995091420000001	1.0	0.9910923927	0.9998793674	0.9917824749	0.9999465797
GCF_009863155.1:369	0.9910923927	1.0	0.9910646931	0.9910923927	1.0	0.9911061104000001	0.9927918976000001	0.9909802868
GCF_009866455.1:370	0.9998793674	0.9911061104000001	0.9994616549	0.9998793674	0.9911061104000001	1.0	0.9916692453	0.9998721954
GCF_900091905.1:371	0.9917824749	0.9927918976000001	0.9916007552	0.9917824749	0.9927918976000001	0.9916692453	1.0	0.9916913659000001
GCF_900105705.1:372	0.9999465797	0.9909802868	0.9994888715	0.9999465797	0.9909802868	0.9998721954	0.9916913659000001	1.0
