	GCF_013364335.1:511	GCF_014284425.1:512	GCF_014295035.1:513
GCF_013364335.1:511	1.0	0.8164683022	0.8611486408
GCF_014284425.1:512	0.9096678611000001	1.0	0.9297337603
GCF_014295035.1:513	0.9303837585	0.9015692252	1.0
