	GCF_003173275.1:24	GCF_003994375.1:25	GCF_004125265.1:26	GCF_004125275.1:27	GCF_008087005.1:28	GCF_009811595.1:29	GCF_009811635.1:30
GCF_003173275.1:24	1	260505	533542	260493	148770	151847	476812
GCF_003994375.1:25	260505	1	525777	204	251826	263357	470826
GCF_004125265.1:26	533542	525777	1	525952	518500	528916	513700
GCF_004125275.1:27	260493	204	525952	1	251731	263028	470931
GCF_008087005.1:28	148770	251826	518500	251731	1	122319	459061
GCF_009811595.1:29	151847	263357	528916	263028	122319	1	474811
GCF_009811635.1:30	476812	470826	513700	470931	459061	474811	1
