	GCF_000245355.1:95	GCF_000340845.1:96	GCF_001447075.1:97	GCF_001514055.1:98
GCF_000245355.1:95	1.0	0.9744732216	0.8357937318	0.8642517434
GCF_000340845.1:96	1.0040355421	1.0	0.8570306745	0.8849748441
GCF_001447075.1:97	0.8235598787	0.8196213451000001	1.0	0.8402379139
GCF_001514055.1:98	0.8704666655000001	0.8650946545	0.8588515092000001	1.0
