	GCF_001886595.1:285	GCF_008639045.1:286	GCF_008639165.1:287	GCF_008705255.1:288
GCF_001886595.1:285	1.0	0.9847158642	0.9999902703	0.9818352175
GCF_008639045.1:286	0.9847158642	1.0	0.9847040415	0.9813307775000001
GCF_008639165.1:287	0.9999902703	0.9847040415	1.0	0.9818678806000001
GCF_008705255.1:288	0.9818352175	0.9813307775000001	0.9818678806000001	1.0
