	GCF_001704635.1:186	GCF_001969965.1:187
GCF_001704635.1:186	1.0	0.9810683651000001
GCF_001969965.1:187	0.9009891875	1.0
