	GCF_000383595.1:373	GCF_002155765.1:374	GCF_014930355.1:375	GCF_014930365.1:376	GCF_014930395.1:377	GCF_014930405.1:378
GCF_000383595.1:373	1	565670	628014	634338	634057	634405
GCF_002155765.1:374	565670	1	154282	154700	154383	154299
GCF_014930355.1:375	628014	154282	1	3937	1768	3937
GCF_014930365.1:376	634338	154700	3937	1	6135	4742
GCF_014930395.1:377	634057	154383	1768	6135	1	6093
GCF_014930405.1:378	634405	154299	3937	4742	6093	1
