	GCF_003173275.1:24	GCF_003994375.1:25	GCF_004125265.1:26	GCF_004125275.1:27	GCF_008087005.1:28	GCF_009811595.1:29	GCF_009811635.1:30
GCF_003173275.1:24	1.0	0.800694487	0.5628580474	0.8006409124	0.8567979628	0.8781888588000001	0.6338152942
GCF_003994375.1:25	0.8499849764	1.0	0.5902384549	1.0031028968	0.8424533618000001	0.8513353436000001	0.6625811201
GCF_004125265.1:26	0.5898510815	0.5826752752000001	1.0	0.5826974515000001	0.5756277668	0.5844313108	0.5527499757000001
GCF_004125275.1:27	0.8486066988000001	1.001543347	0.5893432252	1.0	0.8411848257000001	0.8498473065000001	0.661836003
GCF_008087005.1:28	0.8875898986	0.8221203191	0.5690260653	0.8221606341000001	1.0	0.8998939834	0.639953564
GCF_009811595.1:29	0.9296413657	0.8489532384	0.5903607717	0.848788999	0.9195703067000001	1.0	0.6688911662
GCF_009811635.1:30	0.7744166726	0.762617251	0.6444618470000001	0.762945808	0.7547906575000001	0.7720402154	1.0
