	GCF_000383595.1:373	GCF_002155765.1:374	GCF_014930355.1:375	GCF_014930365.1:376	GCF_014930395.1:377	GCF_014930405.1:378
GCF_000383595.1:373	1.0	0.9023559916	0.8997256248000001	0.8997674073	0.8997979546	0.8997768061
GCF_002155765.1:374	0.9023559916	1.0	0.9822724866	0.9823609428000001	0.9823931547	0.9823917479000001
GCF_014930355.1:375	0.8997256248000001	0.9822724866	1.0	0.9996353574000001	0.9998331645	0.9996347979
GCF_014930365.1:376	0.8997674073	0.9823609428000001	0.9996353574000001	1.0	0.9994386332	0.9995666081000001
GCF_014930395.1:377	0.8997979546	0.9823931547	0.9998331645	0.9994386332	1.0	0.9994417404
GCF_014930405.1:378	0.8997768061	0.9823917479000001	0.9996347979	0.9995666081000001	0.9994417404	1.0
