	GCF_000280905.1:753	GCF_001751375.1:754
GCF_000280905.1:753	1.0	0.841986188
GCF_001751375.1:754	0.9280049811000001	1.0
