	GCF_009863035.1:363	GCF_019090105.1:364
GCF_009863035.1:363	1.0	0.9087502825
GCF_019090105.1:364	0.8790761631	1.0
