	GCF_002879675.3:188	GCF_016432665.1:189	GCF_016432735.1:190
GCF_002879675.3:188	1.0	0.9923374453	0.9774250664
GCF_016432665.1:189	0.9923374453	1.0	0.9774186770000001
GCF_016432735.1:190	0.9774250664	0.9774186770000001	1.0
