	GCF_002019855.1:630	GCF_013363615.1:631
GCF_002019855.1:630	1.0	0.8368835479000001
GCF_013363615.1:631	0.8560473005	1.0
