	GCF_003671675.1:737	GCF_003671735.1:738	GCF_009739225.1:739	GCF_016432685.1:740	GCF_018638305.1:741	GCF_018966745.1:742
GCF_003671675.1:737	1	48233	54367	97505	475351	52764
GCF_003671735.1:738	48233	1	56873	98449	468603	61045
GCF_009739225.1:739	54367	56873	1	100576	498856	56918
GCF_016432685.1:740	97505	98449	100576	1	510925	104852
GCF_018638305.1:741	475351	468603	498856	510925	1	507934
GCF_018966745.1:742	52764	61045	56918	104852	507934	1
