	GCF_001905345.1:486	GCF_002705975.1:487	GCF_009865305.1:488
GCF_001905345.1:486	1.0	0.835343559	0.835343559
GCF_002705975.1:487	0.8848683108000001	1.0	0.9996076935
GCF_009865305.1:488	0.8848683108000001	0.9996076935	1.0
