	GCF_004798565.1:359	GCF_017948495.1:360	GCF_018619135.1:361	GCF_018619155.1:362
GCF_004798565.1:359	1.0	0.9867513781	0.9953284659	0.9944157874
GCF_017948495.1:360	0.9867513781	1.0	0.9872374149	0.9874847417
GCF_018619135.1:361	0.9953284659	0.9872374149	1.0	0.9950215033
GCF_018619155.1:362	0.9944157874	0.9874847417	0.9950215033	1.0
