	GCF_001513985.1:120	GCF_001514195.1:121	GCF_003595235.1:122
GCF_001513985.1:120	1.0	0.9848783048	0.9861809287000001
GCF_001514195.1:121	0.9848783048	1.0	0.9848332127
GCF_003595235.1:122	0.9861809287000001	0.9848332127	1.0
