	GCF_000721535.1:403	GCF_001553435.1:404	GCF_001553455.1:405	GCF_001553475.1:406	GCF_001570645.1:407	GCF_001652895.1:408
GCF_000721535.1:403	1	216500	195592	200154	215031	214380
GCF_001553435.1:404	216500	1	204173	206151	86612	117461
GCF_001553455.1:405	195592	204173	1	94957	207576	205023
GCF_001553475.1:406	200154	206151	94957	1	206315	204816
GCF_001570645.1:407	215031	86612	207576	206315	1	122901
GCF_001652895.1:408	214380	117461	205023	204816	122901	1
