	GCF_001425805.1:596	GCF_001514045.1:597	GCF_001514145.1:598
GCF_001425805.1:596	1.0	0.7765825415000001	0.8320393034
GCF_001514045.1:597	0.8473552034	1.0	0.8370988291
GCF_001514145.1:598	0.7723907856000001	0.7121838138000001	1.0
