	GCF_000332625.1:396	GCF_001513975.1:397
GCF_000332625.1:396	1.0	0.7546861768
GCF_001513975.1:397	0.8690860197	1.0
