	GCF_001905345.1:486	GCF_002705975.1:487	GCF_009865305.1:488
GCF_001905345.1:486	1.0	0.8612083732	0.8612083732
GCF_002705975.1:487	0.9122665642000001	1.0	0.9996076935
GCF_009865305.1:488	0.9122665642000001	0.9996076935	1.0
