	GCF_000009765.2:258	GCF_001514135.1:259	GCF_002017835.1:260	GCF_005405965.1:261	GCF_005406005.1:262	GCF_009862865.1:263
GCF_000009765.2:258	1.0	0.9610748808	0.932549991	0.9988017406	0.8874902617	0.9896610652000001
GCF_001514135.1:259	0.9792933836000001	1.0	0.9332571416000001	0.9966228805	0.8982380455000001	0.9735436996000001
GCF_002017835.1:260	0.9002727677000001	0.8841943171000001	1.0	1.0010929548	0.851836397	0.8898577814
GCF_005405965.1:261	0.8688025227	0.8507795502000001	0.9020159077000001	1.0	0.787967733	0.8600165120000001
GCF_005406005.1:262	0.9751041659	0.9685527257000001	0.9694861673	0.9953001428	1.0	0.9751044068
GCF_009862865.1:263	0.9999996676	0.9654131888	0.9313908825	0.9990296499	0.8967617472	1.0
