	GCF_003046555.1:411	GCF_004104505.1:412	GCF_004115015.1:413
GCF_003046555.1:411	1.0	0.969435452	0.9706107149000001
GCF_004104505.1:412	0.951571045	1.0	0.9999998853000001
GCF_004115015.1:413	0.9512644904	0.9984672704	1.0
