	GCF_000495755.1:497	GCF_000797385.1:498	GCF_000800535.1:499	GCF_010523235.1:500	GCF_013363465.1:501	GCF_013363485.1:502	GCF_013363585.1:503	GCF_015601545.1:504	GCF_018638335.1:505
GCF_000495755.1:497	1.0	0.9932560405	0.9593725697000001	0.9927048537000001	0.9603931805	0.9606586413	0.9604830337	0.9605372179	0.9928054968000001
GCF_000797385.1:498	0.9932560405	1.0	0.9593777465000001	0.9950541885	0.9602361853	0.9604260755	0.9603051975	0.9601535238000001	0.9953914827
GCF_000800535.1:499	0.9593725697000001	0.9593777465000001	1.0	0.9589415873	0.9943812695	0.9934983737	0.9935018362	0.9943218123	0.9589211254000001
GCF_010523235.1:500	0.9927048537000001	0.9950541885	0.9589415873	1.0	0.9600502045	0.960235829	0.9601050892	0.9600821413	0.9947685783
GCF_013363465.1:501	0.9603931805	0.9602361853	0.9943812695	0.9600502045	1.0	0.9999569709	0.9999507213000001	0.9953797969	0.9602476149
GCF_013363485.1:502	0.9606586413	0.9604260755	0.9934983737	0.960235829	0.9999569709	1.0	0.9999606709000001	0.9954953695000001	0.9605347614
GCF_013363585.1:503	0.9604830337	0.9603051975	0.9935018362	0.9601050892	0.9999507213000001	0.9999606709000001	1.0	0.9954313124	0.9603713365000001
GCF_015601545.1:504	0.9605372179	0.9601535238000001	0.9943218123	0.9600821413	0.9953797969	0.9954953695000001	0.9954313124	1.0	0.960114507
GCF_018638335.1:505	0.9928054968000001	0.9953914827	0.9589211254000001	0.9947685783	0.9602476149	0.9605347614	0.9603713365000001	0.960114507	1.0
