	GCF_002261115.1:211	GCF_004320085.1:212	GCF_009862505.1:213
GCF_002261115.1:211	1.0	0.8447160215	0.8895897119
GCF_004320085.1:212	0.9045676648000001	1.0	0.8864804365000001
GCF_009862505.1:213	0.9496912612	0.8837542556	1.0
