	GCF_003330865.1:714	GCF_014648655.1:715	GCF_900091955.1:716
GCF_003330865.1:714	1.0	0.8580389882	0.6666543931000001
GCF_014648655.1:715	0.8418166247000001	1.0	0.6631572831
GCF_900091955.1:716	0.6866079442	0.6961681435	1.0
