	GCF_014596505.1:608	GCF_014596525.1:609
GCF_014596505.1:608	1.0	0.9730128804
GCF_014596525.1:609	0.983747091	1.0
