	GCF_008634015.1:409	GCF_014654895.1:410
GCF_008634015.1:409	1.0	0.9445424217
GCF_014654895.1:410	0.8409606455	1.0
