	GCF_000716215.1:99	GCF_001514265.1:100
GCF_000716215.1:99	1.0	0.9581043724
GCF_001514265.1:100	0.9875787264	1.0
