	GCF_002155885.1:472	GCF_017942185.1:473	GCF_018138705.1:474	GCF_018138715.1:475
GCF_002155885.1:472	1.0	0.9993282913	0.9970660960000001	0.9973054536
GCF_017942185.1:473	0.9993282913	1.0	0.9971975102	0.9974449944
GCF_018138705.1:474	0.9970660960000001	0.9971975102	1.0	0.9984326159
GCF_018138715.1:475	0.9973054536	0.9974449944	0.9984326159	1.0
