	GCF_008704555.1:65	GCF_014650375.1:66
GCF_008704555.1:65	1.0	0.9999358973
GCF_014650375.1:66	0.9999358973	1.0
