	GCF_003046555.1:411	GCF_004104505.1:412	GCF_004115015.1:413
GCF_003046555.1:411	1.0	0.9939295681	0.9939355657000001
GCF_004104505.1:412	0.9939295681	1.0	0.9999998853000001
GCF_004115015.1:413	0.9939355657000001	0.9999998853000001	1.0
