	GCF_002154415.1:89	GCF_002300315.1:90	GCF_900102245.1:91	GCF_900105235.1:92	GCF_900105775.1:93	GCF_900187385.1:94
GCF_002154415.1:89	1.0	0.9161694421000001	0.9161748922	0.9161683584	0.9161004076	0.9161735132000001
GCF_002300315.1:90	0.9161694421000001	1.0	0.9999224524	0.9999263485000001	0.9949567204	0.9999312631
GCF_900102245.1:91	0.9161748922	0.9999224524	1.0	0.9999294128	0.9949720722000001	0.9999631342
GCF_900105235.1:92	0.9161683584	0.9999263485000001	0.9999294128	1.0	0.9949576169000001	0.9999381488
GCF_900105775.1:93	0.9161004076	0.9949567204	0.9949720722000001	0.9949576169000001	1.0	0.9949610531
GCF_900187385.1:94	0.9161735132000001	0.9999312631	0.9999631342	0.9999381488	0.9949610531	1.0
