	GCF_000696595.1:205	GCF_000931445.1:206	GCF_001013905.1:207
GCF_000696595.1:205	1.0	0.8072213108	0.9994784122
GCF_000931445.1:206	0.8168369663	1.0	0.8394990413000001
GCF_001013905.1:207	0.9665464695	0.8022814676000001	1.0
