	GCF_009650765.1:240	GCF_009862625.1:241
GCF_009650765.1:240	1.0	0.9098073995
GCF_009862625.1:241	0.9501552812	1.0
