	GCF_000342125.1:707	GCF_017916255.1:708
GCF_000342125.1:707	1.0	1.0137592405
GCF_017916255.1:708	1.0008733728	1.0
