	GCF_006088715.1:254	GCF_013177615.1:255
GCF_006088715.1:254	1.0	0.8055624734
GCF_013177615.1:255	0.8459886392	1.0
