	GCF_007280575.1:590	GCF_007280585.1:591
GCF_007280575.1:590	1.0	0.9998942701
GCF_007280585.1:591	0.9998942701	1.0
