	GCF_002028425.1:626	GCF_003634815.1:627
GCF_002028425.1:626	1.0	0.9413041724000001
GCF_003634815.1:627	0.9457337060000001	1.0
