	GCF_002150845.1:150	GCF_017349075.1:151	GCF_017356985.1:152
GCF_002150845.1:150	1.0	0.9706590218000001	0.9903470568
GCF_017349075.1:151	0.9044160459	1.0	0.9506358049
GCF_017356985.1:152	0.9504028774000001	0.9791132582000001	1.0
