	GCF_000952035.2:560	GCF_001294335.1:561	GCF_001729485.1:562	GCF_001984445.1:563	GCF_002090335.1:564	GCF_004125245.1:565
GCF_000952035.2:560	1.0	0.8318473484000001	0.4081558147	0.4154078009	0.41269773400000004	0.4104793125
GCF_001294335.1:561	0.8481044966	1.0	0.4095561394	0.4168060286	0.4161783658	0.4117941463
GCF_001729485.1:562	0.46320602800000005	0.45588565400000003	1.0	0.8370813513	0.836473647	0.8075185606
GCF_001984445.1:563	0.469044285	0.461601768	0.8328343956	1.0	0.9156809527	0.9283964354
GCF_002090335.1:564	0.4573114929	0.4523283444	0.8167404785	0.8986384799	1.0	0.8638235878
GCF_004125245.1:565	0.48143658370000003	0.47372058170000003	0.8345495227	0.9643664163000001	0.9143086774	1.0
