	GCF_001905825.1:278	GCF_014656215.1:279	GCF_017877015.1:280
GCF_001905825.1:278	1.0	0.9086472858	0.9629430099
GCF_014656215.1:279	0.9086472858	1.0	0.9102440835000001
GCF_017877015.1:280	0.9629430099	0.9102440835000001	1.0
