	GCF_003287915.1:353	GCF_003287935.1:354
GCF_003287915.1:353	1.0	0.9912407923000001
GCF_003287935.1:354	0.9886168509000001	1.0
