	GCF_001509775.1:220	GCF_001598115.1:221	GCF_002154275.1:222
GCF_001509775.1:220	1.0	0.9569183784	0.9312340873
GCF_001598115.1:221	0.9217946025	1.0	0.8972994931
GCF_002154275.1:222	0.9013326417	0.9015802548	1.0
