	GCF_001418585.1:773	GCF_001514205.1:774
GCF_001418585.1:773	1.0	0.9752426465
GCF_001514205.1:774	0.9419427457	1.0
