	GCF_017876625.1:197	GCF_900290435.1:198
GCF_017876625.1:197	1.0	0.9960795728
GCF_900290435.1:198	0.9960795728	1.0
