	GCF_016612805.1:107	GCF_016612825.1:108	GCF_016860545.1:109
GCF_016612805.1:107	1.0	0.9930182496000001	0.9819046206
GCF_016612825.1:108	0.9930182496000001	1.0	0.9820636589
GCF_016860545.1:109	0.9819046206	0.9820636589	1.0
