	GCF_012927225.1:617	GCF_012927245.1:618
GCF_012927225.1:617	1.0	0.9999856017000001
GCF_012927245.1:618	0.9999856017000001	1.0
