	GCF_000495755.1:497	GCF_000797385.1:498	GCF_000800535.1:499	GCF_010523235.1:500	GCF_013363465.1:501	GCF_013363485.1:502	GCF_013363585.1:503	GCF_015601545.1:504	GCF_018638335.1:505
GCF_000495755.1:497	1.0	0.9118058178	0.8340082652	0.9298347108	0.8274591484	0.8415342825000001	0.8406328097	0.8393550431	0.9082211758000001
GCF_000797385.1:498	0.9206814099	1.0	0.8405374014	0.9403605809000001	0.8333834448	0.84320264	0.8424712873	0.8324712077	0.927694126
GCF_000800535.1:499	0.8223183056000001	0.8207665173	1.0	0.8242774660000001	0.8934158475	0.9487109294	0.9475509732	0.9100848058000001	0.8184389737000001
GCF_010523235.1:500	0.9324589516	0.9339236398	0.8383546778000001	1.0	0.8304560304	0.8398442031000001	0.8386978825	0.8377066531	0.9250717244000001
GCF_013363465.1:501	0.8623394786	0.8601408242	0.9443125363	0.863026998	1.0	0.9952184546	0.9939963770000001	0.9539150773	0.8561160195
GCF_013363485.1:502	0.8269225211000001	0.8205743727	0.9454907999000001	0.8229392336	0.9383821127	1.0	1.0020515189	0.9144711870000001	0.8160647924000001
GCF_013363585.1:503	0.8270657704000001	0.8208840247	0.9455112252000001	0.8228397984	0.9383974203000001	1.0032998662	1.0	0.9145309168	0.8166116712
GCF_015601545.1:504	0.8775794589	0.8619914372	0.9650570893	0.873391059	0.9570150144	0.9730110324000001	0.9718638460000001	1.0	0.8623323415
GCF_018638335.1:505	0.9384790281000001	0.9493595861	0.8577281175	0.9532007753	0.8488556918	0.858152719	0.8576593379	0.8522497407	1.0
