	GCF_002150845.1:150	GCF_017349075.1:151	GCF_017356985.1:152
GCF_002150845.1:150	1.0	0.9970534703	0.9989841734
GCF_017349075.1:151	0.9970534703	1.0	0.9973150542
GCF_017356985.1:152	0.9989841734	0.9973150542	1.0
