	GCF_001748165.1:634	GCF_001983975.1:635	GCF_002591335.1:636	GCF_002812405.1:637	GCF_006974005.1:638	GCF_011800555.1:639	GCF_013345665.1:640	GCF_015689475.1:641
GCF_001748165.1:634	1.0	0.9869409991	0.9856092335000001	0.9857526079000001	0.9854785693	0.9795177916000001	0.9872895048	0.9873322715
GCF_001983975.1:635	0.9869409991	1.0	0.9851674006000001	0.9855338261000001	0.9849962439000001	0.9795323279	0.9870365311	0.9866228636000001
GCF_002591335.1:636	0.9856092335000001	0.9851674006000001	1.0	0.9863490857	0.9997930638	0.9792848654	0.9857072513	0.9854909118
GCF_002812405.1:637	0.9857526079000001	0.9855338261000001	0.9863490857	1.0	0.9862553875000001	0.9795231282	0.9858143054	0.9858004764
GCF_006974005.1:638	0.9854785693	0.9849962439000001	0.9997930638	0.9862553875000001	1.0	0.9791645887	0.9855975203	0.9853565354
GCF_011800555.1:639	0.9795177916000001	0.9795323279	0.9792848654	0.9795231282	0.9791645887	1.0	0.9794054891	0.9793432746
GCF_013345665.1:640	0.9872895048	0.9870365311	0.9857072513	0.9858143054	0.9855975203	0.9794054891	1.0	0.9871987053000001
GCF_015689475.1:641	0.9873322715	0.9866228636000001	0.9854909118	0.9858004764	0.9853565354	0.9793432746	0.9871987053000001	1.0
