	GCF_000722185.1:622	GCF_001427245.1:623	GCF_001700505.1:624	GCF_017876255.1:625
GCF_000722185.1:622	1.0	0.8858287727	0.9929050855	0.8855993711
GCF_001427245.1:623	0.8858287727	1.0	0.8851133543	0.9939002901
GCF_001700505.1:624	0.9929050855	0.8851133543	1.0	0.8849670304
GCF_017876255.1:625	0.8855993711	0.9939002901	0.8849670304	1.0
