	GCF_014205055.1:787	GCF_900215615.1:788
GCF_014205055.1:787	1.0	0.7929734406000001
GCF_900215615.1:788	0.8188473414	1.0
