	GCF_001905345.1:486	GCF_002705975.1:487	GCF_009865305.1:488
GCF_001905345.1:486	1.0	0.9699668337	0.9699668337
GCF_002705975.1:487	0.9699668337	1.0	1.0
GCF_009865305.1:488	0.9699668337	1.0	1.0
