	GCF_003635085.1:155	GCF_900199205.1:156
GCF_003635085.1:155	1.0	0.9542171809000001
GCF_900199205.1:156	0.9471494859	1.0
