	GCF_000716025.1:478	GCF_002551145.1:479	GCF_002910935.1:480	GCF_002910985.1:481	GCF_014655335.1:482
GCF_000716025.1:478	1.0	0.9192490059	0.9296189202	0.9228604987000001	0.9418101392
GCF_002551145.1:479	0.9062054624	1.0	0.8951753079	0.8886248207	0.9093327818
GCF_002910935.1:480	0.9243836738000001	0.9029462525	1.0	0.9926581491	0.9211350523
GCF_002910985.1:481	0.9232078068	0.9017545532000001	0.9986557594000001	1.0	0.9201550248
GCF_014655335.1:482	0.9607309024	0.940952585	0.9449621106	0.9382876274	1.0
