	GCF_008039505.1:199	GCF_010384365.1:200
GCF_008039505.1:199	1.0	0.7922605498
GCF_010384365.1:200	0.8447450630000001	1.0
