	GCF_016916835.1:599	GCF_017164735.1:600
GCF_016916835.1:599	1.0	0.9584037206
GCF_017164735.1:600	1.0002106042	1.0
