	GCF_002154415.1:89	GCF_002300315.1:90	GCF_900102245.1:91	GCF_900105235.1:92	GCF_900105775.1:93	GCF_900187385.1:94
GCF_002154415.1:89	1.0	0.6621748092	0.6620694821	0.6623148434	0.6626643257	0.6621879416
GCF_002300315.1:90	0.6036315444	1.0	1.0112302219	1.0249244645	0.9520989801	1.0075807938
GCF_900102245.1:91	0.612321128	1.0259505862	1.0	1.0235412935	0.9541831593000001	1.0017749944
GCF_900105235.1:92	0.6078956917	1.0319464585	1.0157673996	1.0	0.9555412883000001	1.0121041607
GCF_900105775.1:93	0.611977059	0.9645491865	0.9527909493000001	0.9614493967000001	1.0	0.9529205197
GCF_900187385.1:94	0.6120156349	1.0215552443	1.0010960798	1.0191588548	0.95366617	1.0
