	GCF_002289335.1:795	GCF_002317005.1:796	GCF_013363555.1:797
GCF_002289335.1:795	1.0	0.9595786001000001	0.914098089
GCF_002317005.1:796	0.9337385031000001	1.0	0.9041006077
GCF_013363555.1:797	0.9081157601000001	0.9230398681	1.0
