	GCF_001975025.1:578	GCF_003573485.1:579	GCF_004127445.1:580	GCF_004212445.1:581	GCF_016128295.1:582	GCF_018141485.1:583
GCF_001975025.1:578	1.0	0.9999236016	0.9998856354000001	0.9999512732	0.9931664513	0.9973872763
GCF_003573485.1:579	0.9999236016	1.0	0.9999049518	0.9999641679000001	0.993324096	0.9974138984
GCF_004127445.1:580	0.9998856354000001	0.9999049518	1.0	1.0	0.9933617206	0.9974021104
GCF_004212445.1:581	0.9999512732	0.9999641679000001	1.0	1.0	0.9934866878	0.9974658365000001
GCF_016128295.1:582	0.9931664513	0.993324096	0.9933617206	0.9934866878	1.0	0.9934464392000001
GCF_018141485.1:583	0.9973872763	0.9974138984	0.9974021104	0.9974658365000001	0.9934464392000001	1.0
