	GCF_018614035.1:705	GCF_018614615.1:706
GCF_018614035.1:705	1.0	0.7208228096
GCF_018614615.1:706	0.6625586363	1.0
