	GCF_004364245.1:281	GCF_014650435.1:282
GCF_004364245.1:281	1.0	0.7569716955
GCF_014650435.1:282	0.6573834183	1.0
