	GCF_001011035.1:398	GCF_003945505.1:399
GCF_001011035.1:398	1.0	0.9742828227
GCF_003945505.1:399	0.9742828227	1.0
