	GCF_000716025.1:478	GCF_002551145.1:479	GCF_002910935.1:480	GCF_002910985.1:481	GCF_014655335.1:482
GCF_000716025.1:478	1.0	0.9087944929	0.9214942770000001	0.9147515354	0.9330816358
GCF_002551145.1:479	0.8958992921000001	1.0	0.8851087882	0.8786011983	0.8987246519000001
GCF_002910935.1:480	0.9163047854	0.892792346	1.0	0.9924644018000001	0.9125065887
GCF_002910985.1:481	0.9150957919	0.8915828284	0.9984608414	1.0	0.9115809461000001
GCF_014655335.1:482	0.9518270452	0.9299755835	0.936110454	0.9295445877	1.0
