	GCF_002019855.1:630	GCF_013363615.1:631
GCF_002019855.1:630	1.0	0.8680330453
GCF_013363615.1:631	0.8879100886	1.0
