	GCF_000383595.1:373	GCF_002155765.1:374	GCF_014930355.1:375	GCF_014930365.1:376	GCF_014930395.1:377	GCF_014930405.1:378
GCF_000383595.1:373	1.0	0.5837066699	0.6291999108	0.6358303057	0.6357639794000001	0.6359637398
GCF_002155765.1:374	0.5291262961000001	1.0	0.8652932337	0.8720671417	0.8719009394	0.8713556703
GCF_014930355.1:375	0.5332978113	0.8090582062	1.0	1.0214565852	1.0027707165	1.019891314
GCF_014930365.1:376	0.5208505904	0.7880561645	0.9872126245	1.0	0.9990681198	1.0003769413
GCF_014930395.1:377	0.5262018335	0.7960839989	0.9792124635	1.0094378909	1.0	1.008110494
GCF_014930405.1:378	0.525677645	0.7945439521000001	0.994626207	1.009436234	1.0067899019	1.0
