	GCF_000725555.1:601	GCF_001005295.1:602	GCF_001531145.1:603	GCF_001953875.1:604	GCF_002007685.1:605
GCF_000725555.1:601	1.0	0.7013221669	0.7392622388000001	0.7435434106000001	0.7446600237000001
GCF_001005295.1:602	0.6885437709000001	1.0	0.7405333933	0.7391908802	0.7369400196
GCF_001531145.1:603	0.7073500423	0.7217163103	1.0	0.9505266671	0.9394452901
GCF_001953875.1:604	0.7141254366	0.7231206868000001	0.9541059811	1.0	0.9460975807
GCF_002007685.1:605	0.7049878569	0.7106270757	0.9295210504	0.9325912904	1.0
