	GCF_001514125.1:619	GCF_005280195.1:620	GCF_005280215.1:621
GCF_001514125.1:619	1.0	0.7539984765000001	0.8115930142000001
GCF_005280195.1:620	0.8047228357	1.0	0.8131003686
GCF_005280215.1:621	0.7982457512000001	0.749318778	1.0
