	GCF_001685355.1:194	GCF_003344445.1:195	GCF_014083905.1:196
GCF_001685355.1:194	1.0	0.9270469948000001	0.9219944968
GCF_003344445.1:195	1.0055300617	1.0	0.9989286957000001
GCF_014083905.1:196	0.9505588290000001	0.9494931844000001	1.0
