	GCF_005860785.2:735	GCF_010548345.1:736
GCF_005860785.2:735	1.0	0.8668005087
GCF_010548345.1:736	0.860682326	1.0
