	GCF_002192455.1:592	GCF_002286695.1:593
GCF_002192455.1:592	1.0	0.8411756176
GCF_002286695.1:593	0.8103169953	1.0
