	GCF_014203495.1:514	GCF_014650615.1:515
GCF_014203495.1:514	1.0	1.0114505083
GCF_014650615.1:515	1.0109751139	1.0
