	GCF_001513985.1:120	GCF_001514195.1:121	GCF_003595235.1:122
GCF_001513985.1:120	1.0	0.9153225663000001	0.9235957295
GCF_001514195.1:121	0.8864904419	1.0	0.8784508179
GCF_003595235.1:122	0.9278270901000001	0.9111768897	1.0
