	GCF_000332625.1:396	GCF_001513975.1:397
GCF_000332625.1:396	1.0	0.9731084858000001
GCF_001513975.1:397	0.9731084858000001	1.0
