	GCF_001905365.1:793	GCF_003752275.1:794
GCF_001905365.1:793	1.0	0.6935691553000001
GCF_003752275.1:794	0.680606233	1.0
