	GCF_001543895.1:802	GCF_001543915.1:803	GCF_001543925.1:804
GCF_001543895.1:802	1.0	0.9166045987	0.8582489508000001
GCF_001543915.1:803	0.9956534755	1.0	0.8581652310000001
GCF_001543925.1:804	0.8786531417000001	0.80881448	1.0
