	GCF_001008135.1:506	GCF_014873495.1:507	GCF_900215595.1:508
GCF_001008135.1:506	1.0	1.0024735567	0.8668971525
GCF_014873495.1:507	0.9528769608000001	1.0	0.8743319257000001
GCF_900215595.1:508	0.9091406694	0.9646637197000001	1.0
