	GCF_003568675.1:632	GCF_005768555.2:633
GCF_003568675.1:632	1.0	0.999984563
GCF_005768555.2:633	0.999984563	1.0
