	GCF_000412265.2:31	GCF_000718155.1:32	GCF_001905425.1:33	GCF_002803195.1:34	GCF_002803845.1:35	GCF_017825375.1:36	GCF_018255875.1:37
GCF_000412265.2:31	1.0	0.5108238195	0.8258059453000001	0.8507566319000001	0.5256203023	0.808854049	0.5189920645
GCF_000718155.1:32	0.5259085409	1.0	0.5242831334	0.5251313313	1.0032905022	0.5134903147000001	0.9315066940000001
GCF_001905425.1:33	0.8943469478	0.5515118223000001	1.0	0.8858702709	0.5653286989	0.8456791772000001	0.5580845956
GCF_002803195.1:34	0.8774368252	0.5260649426	0.8436311702	1.0	0.5401714084	0.8243179635000001	0.5344536135
GCF_002803845.1:35	0.5128752578	0.9508833296	0.5093456783	0.5110468261000001	1.0	0.5000261956000001	0.906393768
GCF_017825375.1:36	0.9354166874000001	0.5768038122	0.9030515923	0.9243132939	0.5926360824	1.0	0.58707198
GCF_018255875.1:37	0.5629269736	0.9813823386	0.5589376348	0.5620705687	1.0075547063	0.550614628	1.0
