	GCF_004798565.1:359	GCF_017948495.1:360	GCF_018619135.1:361	GCF_018619155.1:362
GCF_004798565.1:359	1.0	0.9252307347000001	0.9488920489	0.9351827725
GCF_017948495.1:360	0.9135166625000001	1.0	0.8955688755000001	0.8905928924000001
GCF_018619135.1:361	0.9703552215000001	0.9275696048000001	1.0	0.9509282153
GCF_018619155.1:362	0.9351848224	0.9020149890000001	0.9298967846	1.0
