	GCF_000498935.1:588	GCF_003116755.1:589
GCF_000498935.1:588	1.0	0.805066532
GCF_003116755.1:589	0.6721084989	1.0
