	GCF_000647875.1:768	GCF_002094995.1:769	GCF_004794175.1:770	GCF_009862115.1:771	GCF_011055525.1:772
GCF_000647875.1:768	1.0	0.9864905056000001	0.9865400591000001	1.0	0.9862638322
GCF_002094995.1:769	0.9864905056000001	1.0	0.9928269105	0.9864880008	0.9939967564000001
GCF_004794175.1:770	0.9865400591000001	0.9928269105	1.0	0.9864748962000001	0.9929040016
GCF_009862115.1:771	1.0	0.9864880008	0.9864748962000001	1.0	0.9862638322
GCF_011055525.1:772	0.9862638322	0.9939967564000001	0.9929040016	0.9862638322	1.0
