	GCF_014191845.1:201	GCF_014650255.1:202
GCF_014191845.1:201	1.0	0.999622395
GCF_014650255.1:202	0.9994606046000001	1.0
