	GCF_000718375.1:743	GCF_001279005.1:744
GCF_000718375.1:743	1.0	1.003907921
GCF_001279005.1:744	1.0018900132	1.0
