	GCF_003994395.1:344	GCF_005222485.1:345
GCF_003994395.1:344	1.0	0.9992981469000001
GCF_005222485.1:345	0.9993737403	1.0
