	GCF_016612625.1:542	GCF_016654115.1:543
GCF_016612625.1:542	1.0	0.8849919496
GCF_016654115.1:543	0.8779548056	1.0
