	GCF_009650765.1:240	GCF_009862625.1:241
GCF_009650765.1:240	1.0	0.9876991517
GCF_009862625.1:241	0.9876991517	1.0
