	GCF_007896895.1:798	GCF_013423905.1:799	GCF_900079405.2:800	GCF_900104815.1:801
GCF_007896895.1:798	1.0	0.7524139159000001	0.7563685754	0.7683929203000001
GCF_013423905.1:799	0.7308448906	1.0	0.8115031737	0.8307005266
GCF_900079405.2:800	0.7721534565	0.8528879323	1.0	0.9341408124
GCF_900104815.1:801	0.7537480878	0.8389169292	0.8976046061	1.0
