	GCF_007363395.1:336	GCF_008704795.1:337	GCF_014203475.1:338
GCF_007363395.1:336	1.0	0.9573036702000001	0.9571667423
GCF_008704795.1:337	0.9573036702000001	1.0	0.9999709395
GCF_014203475.1:338	0.9571667423	0.9999709395	1.0
