	GCF_000237305.1:273	GCF_000240165.1:274	GCF_009862885.1:275
GCF_000237305.1:273	1.0	1.00745043	0.7764004758
GCF_000240165.1:274	1.0070818225	1.0	0.7810866881
GCF_009862885.1:275	1.0	1.0064040431	1.0
