	GCF_002300485.1:644	GCF_900230275.1:645
GCF_002300485.1:644	1.0	0.8732518527
GCF_900230275.1:645	0.8818727001000001	1.0
