	GCF_000498935.1:588	GCF_003116755.1:589
GCF_000498935.1:588	1.0	0.7769871192000001
GCF_003116755.1:589	0.6486664463	1.0
