	GCF_008704715.1:248	GCF_013375055.1:249	GCF_014650315.1:250	GCF_018530775.1:251	GCF_900105275.1:252	GCF_900105465.1:253
GCF_008704715.1:248	1.0	0.9846428296	0.999929618	0.9851830307	0.9631831512000001	0.9630392711
GCF_013375055.1:249	0.9846428296	1.0	0.9845816366000001	0.9830319655	0.9632221205	0.9629300393
GCF_014650315.1:250	0.999929618	0.9845816366000001	1.0	0.9847955131	0.9631609772	0.9626920167
GCF_018530775.1:251	0.9851830307	0.9830319655	0.9847955131	1.0	0.9638676056000001	0.9634665406
GCF_900105275.1:252	0.9631831512000001	0.9632221205	0.9631609772	0.9638676056000001	1.0	0.9957418657
GCF_900105465.1:253	0.9630392711	0.9629300393	0.9626920167	0.9634665406	0.9957418657	1.0
