	GCF_000239075.1:289	GCF_000364805.1:290	GCF_000373405.1:291	GCF_000385945.1:292	GCF_000720395.1:293	GCF_000721595.1:294	GCF_000935135.2:295	GCF_001189025.1:296	GCF_001418625.1:297	GCF_001426325.1:298	GCF_001427565.1:299	GCF_001434355.1:300	GCF_001905485.1:301	GCF_001905575.1:302	GCF_001905595.1:303	GCF_001905645.1:304	GCF_001983595.1:305	GCF_002158965.1:306	GCF_002188345.1:307	GCF_002242735.1:308	GCF_002910875.1:309	GCF_003116675.1:310	GCF_003268965.1:311	GCF_003367645.1:312	GCF_003610995.1:313	GCF_004524875.1:314	GCF_005234185.1:315	GCF_008932075.1:316	GCF_009862355.1:317	GCF_009862365.1:318	GCF_009865135.1:319	GCF_009865505.1:320	GCF_009872615.1:321	GCF_013167895.1:322	GCF_013364315.1:323	GCF_013409565.1:324	GCF_014495705.1:325	GCF_016653995.1:326	GCF_017358145.1:327	GCF_018070745.1:328	GCF_018530825.1:329	GCF_018614445.1:330	GCF_018614515.1:331	GCF_019049185.1:332	GCF_900207595.1:333	GCF_904440635.1:334	GCF_904440645.1:335
GCF_000239075.1:289	1.0	0.8657468935	0.8913717293000001	0.8955241581000001	0.8658485757000001	0.8662257764	0.9566689071000001	0.969647888	0.8962196918	0.9689500919	0.9695509376	0.9697340858000001	0.9630281389	0.9849708678	0.8931775906	0.9691555561	0.8930478190000001	0.8939634725000001	0.9569009873000001	0.8950875898	0.9216497845	0.8912901943	0.8658081392	0.8930555956	0.8919371794000001	0.8659875649000001	0.9214050009	0.8924536766000001	0.8662272246	0.8657256801000001	0.8928978586	0.8947205549	0.8913717293000001	0.8690016351000001	0.8948178068	0.8690451576	0.9633088557	0.8959754474	0.8949576520000001	0.9661487828	0.9702331593	0.8931294125	0.8931825855000001	0.9581874423000001	0.8657281040000001	0.8926076627	0.8925733834
GCF_000364805.1:290	0.8657468935	1.0	0.8651901152	0.8659657648	0.9933068951	0.9914731271	0.8667381986	0.8664212102000001	0.8663453811	0.8660397351	0.8661548103000001	0.8665297192	0.8663164952	0.8654952408000001	0.8654432385	0.8658275777000001	0.8647891967	0.8662239662000001	0.8659780578	0.8655010992000001	0.8670053097	0.8649477621	0.9932784757	0.8647660905000001	0.865888341	0.9939899435	0.8663075368	0.8649593613000001	0.9932990003000001	0.9921282767	0.8664317437	0.8673789043000001	0.8651901152	0.8678206651	0.8657253167000001	0.8678453103	0.8672138527000001	0.8668079383	0.8659496383	0.8658981370000001	0.8662260289	0.8654643741	0.8659359242	0.8655120205	0.9932227761	0.8654425361	0.8654813984
GCF_000373405.1:291	0.8913717293000001	0.8651901152	1.0	0.9231837608000001	0.8649490912000001	0.8651545076	0.8915720448000001	0.8924869726	0.9239503502	0.8923746996	0.8924610493	0.8923628816	0.8926064797000001	0.8912114292000001	0.9390826599000001	0.8918525167	0.9607988730000001	0.9497631886000001	0.8914867491	0.9227862553	0.8949308117	0.9864139892	0.8649062941000001	0.9608232135	0.9280216911	0.8648018796	0.8942674985	0.9488293147	0.8655181089	0.8648969659	0.9298438101000001	0.9620468544	1.0	0.8681545964	0.9222130813	0.8682130202	0.8934692058	0.9238801541	0.9227563605	0.8925420311000001	0.8924422785	0.9389049006	0.9388846115	0.8914748811000001	0.8649800892	0.9607829192	0.9608191297
GCF_000385945.1:292	0.8955241581000001	0.8659657648	0.9231837608000001	1.0	0.8656388152000001	0.8657471013	0.8952953006000001	0.8962352732000001	0.9748739313	0.8958697208	0.8961676493	0.8963977429000001	0.8959411016000001	0.8951433212000001	0.9268794615	0.8956808030000001	0.9254120693000001	0.9282583263	0.8948952857	0.9741640575	0.8965099172000001	0.9233024603000001	0.8653867064	0.9253974287000001	0.9223125536000001	0.8660452493	0.8964372405000001	0.9270147689	0.8656272145	0.8663774629000001	0.9258426405	0.9264061964	0.9231729550000001	0.8688964090000001	0.9742506247	0.8689049548000001	0.8966349433	0.9742725350000001	0.9742605070000001	0.8959886791	0.8960282828	0.9266234262	0.9266374197	0.8948913904	0.8655636854000001	0.9252490967	0.9252674931
GCF_000720395.1:293	0.8658485757000001	0.9933068951	0.8649490912000001	0.8656388152000001	1.0	0.9917696563	0.8661558489000001	0.8669861463	0.8661805770000001	0.8666456623000001	0.8666272611	0.8663133956	0.8663508758	0.8662698804000001	0.8656513452	0.8659055417	0.8646826017	0.8660741855	0.8658348919000001	0.8654167472000001	0.8666703738	0.8647999221	0.9932732767	0.8647260372000001	0.8650416175000001	0.9930699677	0.8661675324	0.8654665896	0.9932622847	0.9919337641	0.8656913033	0.8674475674000001	0.8649707968	0.8671217469	0.8653328457	0.8671044959	0.8664988744000001	0.8663646264	0.8654584160000001	0.8663204729	0.8663827014000001	0.8659809467	0.8657504249	0.8654421121	0.9932322899	0.8647838286	0.8647882438000001
GCF_000721595.1:294	0.8662257764	0.9914731271	0.8651545076	0.8657471013	0.9917696563	1.0	0.8661747395	0.8664270681	0.8667714257	0.8662099697000001	0.8662129784	0.8661446043000001	0.8665041203	0.8661466093	0.8657374781	0.8658854313000001	0.8645334618	0.8662374132	0.8659553449	0.8658922958	0.8668027762	0.8647699860000001	0.9916660259000001	0.8645669789	0.8653313007000001	0.9917843571	0.8664227092000001	0.8657906728	0.9919197963	0.9932958949	0.8657807581	0.8674956747	0.8651716496	0.8669655608	0.8651920387	0.8669996898000001	0.8666283132	0.8664880075	0.8653048565	0.8667272634000001	0.86616306	0.8657857752	0.8659030360000001	0.8655224002	0.9916874104000001	0.8647033770000001	0.8645462098000001
GCF_000935135.2:295	0.9566689071000001	0.8667381986	0.8915720448000001	0.8952953006000001	0.8661558489000001	0.8661747395	1.0	0.9603954139	0.8951629056	0.9597583546	0.9602681117	0.9609982354000001	0.9653668591000001	0.9568800998	0.8927206468000001	0.9592294410000001	0.8931290199	0.8939922431	0.9880606473	0.8941509851	0.9203377595000001	0.8916651454000001	0.8661486220000001	0.8930728995	0.8924151243	0.8667880457	0.9207081199	0.8924280544000001	0.8663971147	0.8666578108	0.8933915241	0.8946188305	0.8914528554000001	0.8689089821	0.8943016847	0.8689533059000001	0.9656470879000001	0.8952148198000001	0.8942538440000001	0.9574452643	0.9609708785000001	0.8926106935	0.8923551566000001	0.9534215541000001	0.8660258655	0.8930503419	0.8930517938
GCF_001189025.1:296	0.969647888	0.8664212102000001	0.8924869726	0.8962352732000001	0.8669861463	0.8664270681	0.9603954139	1.0	0.8966278588000001	0.9907748477	0.9913254238	0.9915895133	0.9687080694	0.9698810127	0.8940964730000001	0.9777951211	0.894531297	0.8946196659000001	0.9608837640000001	0.8957359832	0.9223183107	0.8922736876	0.8662399115	0.8945467703000001	0.8930239348000001	0.8663949901	0.9226694349000001	0.8938581415	0.8666426691	0.8667568777	0.8940570676	0.8958383228000001	0.8924720297000001	0.8696703482	0.8951757462000001	0.8696575253000001	0.9688791555	0.8965977518	0.8954608699000001	0.9704476611	0.9917409831	0.8942924240000001	0.8941709151	0.9613962772	0.8660466410000001	0.8935435458000001	0.8934774862
GCF_001418625.1:297	0.8962196918	0.8663453811	0.9239503502	0.9748739313	0.8661805770000001	0.8667714257	0.8951629056	0.8966278588000001	1.0	0.8962175184000001	0.8964438816	0.8964882692	0.8963934008000001	0.8956369971	0.9266918996	0.8961388866000001	0.9263372502	0.9283768321	0.8952371786000001	0.9922582591	0.8966102827	0.9237031363	0.8663687422	0.9263590311000001	0.9224348376	0.8665141393	0.897391877	0.9273952732	0.8662836902000001	0.8663813048000001	0.9255458169	0.9264381727000001	0.9239752629	0.86836813	0.9930076287	0.8683684957000001	0.896884435	0.9929282078	0.9930514254	0.8964843765	0.8966512502	0.9265175271	0.9267500896	0.8954598146	0.8664125712	0.9256296651	0.9256085534
GCF_001426325.1:298	0.9689500919	0.8660397351	0.8923746996	0.8958697208	0.8666456623000001	0.8662099697000001	0.9597583546	0.9907748477	0.8962175184000001	1.0	0.9988424866000001	0.9911269291	0.9678475374000001	0.9687306949000001	0.893594215	0.9769852836	0.8936266063	0.894402511	0.9598794848000001	0.8955114203000001	0.9219263345	0.8922209974	0.8662178016000001	0.8936480809	0.8925248966	0.8659977433	0.9224049276	0.8932506055	0.8661906371	0.8665422238	0.8938398987	0.8956358289	0.8923555076	0.8692279947	0.8948839852	0.8692158510000001	0.9680416915000001	0.8964167758	0.8953808152	0.9696343179	0.9917152450000001	0.8942752943000001	0.8937832748000001	0.9605492999	0.8660370186	0.8934782328	0.8933909263
GCF_001427565.1:299	0.9695509376	0.8661548103000001	0.8924610493	0.8961676493	0.8666272611	0.8662129784	0.9602681117	0.9913254238	0.8964438816	0.9988424866000001	1.0	0.9918811505	0.9684838406	0.9693640646	0.8937193703	0.9777038263000001	0.8936652405000001	0.8946282710000001	0.9603908374000001	0.8958169887	0.922140641	0.8922946855	0.8661909039000001	0.8936990439	0.8928424046000001	0.8660221998000001	0.9227811583000001	0.8934100147	0.8661917273	0.8665837114	0.8941248894	0.8957963355	0.8924352209	0.8693613226	0.8951955573	0.8694174644	0.9686997437	0.8966295804000001	0.8956575554	0.9702574199	0.9924708589000001	0.8944166689	0.8938839091	0.9610068719	0.8660148461	0.8935335317	0.8935252370000001
GCF_001434355.1:300	0.9697340858000001	0.8665297192	0.8923628816	0.8963977429000001	0.8663133956	0.8661446043000001	0.9609982354000001	0.9915895133	0.8964882692	0.9911269291	0.9918811505	1.0	0.9693493547	0.9696373184	0.8940835760000001	0.9780348733	0.8938105368	0.8947914641	0.9613546598	0.8954353585	0.9226055414000001	0.8922568475	0.8661016024	0.8938241594	0.8930434715000001	0.8668390795	0.9227255765000001	0.8933600387	0.8665647714	0.8663853064	0.8945419009000001	0.8958975803	0.8923813602	0.8698770256	0.8956248468	0.8699165093000001	0.9696125768	0.8962688408	0.8953858235000001	0.97077329	0.9928249005	0.8941823446	0.8940113365000001	0.9617525036000001	0.8660141880000001	0.8940541842	0.8941098761
GCF_001905485.1:301	0.9630281389	0.8663164952	0.8926064797000001	0.8959411016000001	0.8663508758	0.8665041203	0.9653668591000001	0.9687080694	0.8963934008000001	0.9678475374000001	0.9684838406	0.9693493547	1.0	0.9627248004000001	0.8941159118	0.9664284375000001	0.8939519492	0.8948113157	0.9663950165	0.8955127969000001	0.9223662282	0.89293149	0.8666920353	0.8939400456000001	0.893054546	0.8665875270000001	0.922030113	0.8933462628000001	0.8671184291	0.8666151897000001	0.8939050881	0.8958423661	0.8925649032	0.8688764757	0.8952928245	0.8689237628	0.9997827232000001	0.8961999303	0.8950556984	0.9636492937000001	0.9691345145	0.8938324001	0.8938864961	0.9574237463	0.8665880006000001	0.8936816986	0.8936160575000001
GCF_001905575.1:302	0.9849708678	0.8654952408000001	0.8912114292000001	0.8951433212000001	0.8662698804000001	0.8661466093	0.9568800998	0.9698810127	0.8956369971	0.9687306949000001	0.9693640646	0.9696373184	0.9627248004000001	1.0	0.8926932511000001	0.9694964314000001	0.8926053534	0.893648086	0.9569176042	0.8945892668000001	0.9208616622	0.891160885	0.8656699022000001	0.892612077	0.8914995189	0.8657308146	0.9212760943	0.8922523058	0.8659221351	0.8660785698000001	0.8928912328	0.8945370453	0.8911892349	0.8686489155	0.8943575473	0.8686795892	0.9630424521000001	0.8953523841000001	0.8945432735000001	0.9660368413	0.9702285072000001	0.8930609816	0.8928159942	0.9578141875	0.8655967287	0.8922840264	0.8922956326
GCF_001905595.1:303	0.8931775906	0.8654432385	0.9390826599000001	0.9268794615	0.8656513452	0.8657374781	0.8927206468000001	0.8940964730000001	0.9266918996	0.893594215	0.8937193703	0.8940835760000001	0.8941159118	0.8926932511000001	1.0	0.893342308	0.9420771671	0.9462839165	0.8928342854	0.9255881878000001	0.8964136285000001	0.9388765012	0.8653748876	0.9421252055	0.9275058155	0.8658619303	0.8953208265	0.9445963736	0.8656518561000001	0.8655547219	0.9317332479	0.9414631386000001	0.939141581	0.8677190532	0.9253331087000001	0.8676545999999999	0.8945007402	0.9260864696000001	0.9252937406	0.8937732502	0.8939591165	0.9947416618	0.9958047789000001	0.8927891886	0.8654768291	0.9416482569	0.9417192936000001
GCF_001905645.1:304	0.9691555561	0.8658275777000001	0.8918525167	0.8956808030000001	0.8659055417	0.8658854313000001	0.9592294410000001	0.9777951211	0.8961388866000001	0.9769852836	0.9777038263000001	0.9780348733	0.9664284375000001	0.9694964314000001	0.893342308	1.0	0.8929941084	0.8938892154	0.9594557779	0.8954068847000001	0.9217088178	0.8915724839	0.8658801869	0.8930243534000001	0.8920984052	0.8661657866	0.9221919309000001	0.8929534716	0.8659902861000001	0.8658606918	0.8932962908000001	0.8950216898000001	0.8918411008	0.8686501472	0.8949622201	0.8687030776	0.9667101486	0.8959703758	0.8949101554000001	0.9704639097000001	0.9783201673	0.8932291613000001	0.8931837330000001	0.9608257459	0.8657577003	0.8928344060000001	0.8928091043
GCF_001983595.1:305	0.8930478190000001	0.8647891967	0.9607988730000001	0.9254120693000001	0.8646826017	0.8645334618	0.8931290199	0.894531297	0.9263372502	0.8936266063	0.8936652405000001	0.8938105368	0.8939519492	0.8926053534	0.9420771671	0.8929941084	1.0	0.9535360408	0.8931561265	0.9252692983	0.896042654	0.9605797367000001	0.8655643509000001	0.9999653974	0.9290885973	0.8649195405000001	0.8954532054000001	0.95256663	0.8649253755	0.8646037927	0.9326967694	0.9631138943	0.9608269220000001	0.8681291279000001	0.9250069654	0.8681539236	0.8941118074000001	0.9260179906	0.9250601533	0.8938862679	0.8937637696	0.9417713940000001	0.9420559469	0.8928972514	0.8656612831	0.9947443083	0.9947830557
GCF_002158965.1:306	0.8939634725000001	0.8662239662000001	0.9497631886000001	0.9282583263	0.8660741855	0.8662374132	0.8939922431	0.8946196659000001	0.9283768321	0.894402511	0.8946282710000001	0.8947914641	0.8948113157	0.893648086	0.9462839165	0.8938892154	0.9535360408	1.0	0.8938218513	0.9275266892	0.8965307252	0.9499077574	0.8660730292000001	0.9535813379	0.9316037407000001	0.8663449336	0.8966167263	0.9749956577000001	0.8664124075	0.8660902993	0.9355088098000001	0.9518495504000001	0.9497120853000001	0.8692146311000001	0.9271429679000001	0.8691881796	0.8954221797	0.9282982357	0.9275088180000001	0.8941428941	0.8947230434000001	0.9461587637000001	0.9463262397000001	0.8937238161000001	0.866283625	0.953291564	0.9532685457000001
GCF_002188345.1:307	0.9569009873000001	0.8659780578	0.8914867491	0.8948952857	0.8658348919000001	0.8659553449	0.9880606473	0.9608837640000001	0.8952371786000001	0.9598794848000001	0.9603908374000001	0.9613546598	0.9663950165	0.9569176042	0.8928342854	0.9594557779	0.8931561265	0.8938218513	1.0	0.8941832368	0.9207052493000001	0.891868152	0.8659014897	0.8931368759	0.8922009469000001	0.8661018181000001	0.9206423511	0.8924025147	0.866200924	0.865985922	0.8932726877	0.8946187872	0.8914164885	0.868259949	0.8941416327	0.8683006203	0.9666635598000001	0.8949888039	0.8941603129000001	0.9578072401000001	0.961210242	0.8926727489	0.8927454605	0.9537442113000001	0.865801989	0.8928592303	0.8927746684000001
GCF_002242735.1:308	0.8950875898	0.8655010992000001	0.9227862553	0.9741640575	0.8654167472000001	0.8658922958	0.8941509851	0.8957359832	0.9922582591	0.8955114203000001	0.8958169887	0.8954353585	0.8955127969000001	0.8945892668000001	0.9255881878000001	0.8954068847000001	0.9252692983	0.9275266892	0.8941832368	1.0	0.8959549466000001	0.9226397841	0.8653103448	0.9253004731000001	0.9213640705	0.8656268691000001	0.8957988661	0.9261326	0.8657777955	0.8657758797	0.9243720621	0.925587401	0.9228529533000001	0.8677907158	0.9924858629000001	0.8678070484	0.8959023423	0.9920185689000001	0.9931455416	0.8955467682	0.8954842887000001	0.9255046518000001	0.9256478432	0.8946842268	0.865404963	0.9246490408	0.9246346487
GCF_002910875.1:309	0.9216497845	0.8670053097	0.8949308117	0.8965099172000001	0.8666703738	0.8668027762	0.9203377595000001	0.9223183107	0.8966102827	0.9219263345	0.922140641	0.9226055414000001	0.9223662282	0.9208616622	0.8964136285000001	0.9217088178	0.896042654	0.8965307252	0.9207052493000001	0.8959549466000001	1.0	0.8947820637	0.8663469001	0.8960634623	0.895008769	0.8668334788000001	0.9688677992	0.8954408903000001	0.8667062949000001	0.866712861	0.8960233611	0.8970473956	0.8949415113	0.8692086331000001	0.8958481233000001	0.8692184615	0.9233097833	0.8965966818000001	0.8959754161	0.9219795886000001	0.9225394954	0.8960245721000001	0.8958421475	0.9206568401	0.866277515	0.8956152788	0.8956306133
GCF_003116675.1:310	0.8912901943	0.8649477621	0.9864139892	0.9233024603000001	0.8647999221	0.8647699860000001	0.8916651454000001	0.8922736876	0.9237031363	0.8922209974	0.8922946855	0.8922568475	0.89293149	0.891160885	0.9388765012	0.8915724839	0.9605797367000001	0.9499077574	0.891868152	0.9226397841	0.8947820637	1.0	0.8647185101	0.960648585	0.9277637703	0.8647088673000001	0.8943628060000001	0.9483871747	0.865152914	0.8645745856	0.9298004599	0.9620587274	0.9864523943000001	0.8676004686000001	0.9221712282000001	0.8676133444	0.8936627794	0.9236449108	0.9224758502	0.8925297003	0.8922571279	0.9387870111000001	0.9388624557	0.8913643708000001	0.864775955	0.9604852676000001	0.9605184135
GCF_003268965.1:311	0.8658081392	0.9932784757	0.8649062941000001	0.8653867064	0.9932732767	0.9916660259000001	0.8661486220000001	0.8662399115	0.8663687422	0.8662178016000001	0.8661909039000001	0.8661016024	0.8666920353	0.8656699022000001	0.8653748876	0.8658801869	0.8655643509000001	0.8660730292000001	0.8659014897	0.8653103448	0.8663469001	0.8647185101	1.0	0.8655027771	0.8650449082	0.9927433370000001	0.8661222835	0.8648457663	0.9935786925000001	0.992076253	0.8656066102000001	0.8673336352000001	0.8648748297000001	0.8671128125	0.8649452475	0.8670830879	0.8667510969000001	0.8661081168	0.8650317337000001	0.8659884759	0.8661148854	0.8650938518	0.8656243236000001	0.8656087831	0.9999580684	0.8648474622000001	0.8647556797
GCF_003367645.1:312	0.8930555956	0.8647660905000001	0.9608232135	0.9253974287000001	0.8647260372000001	0.8645669789	0.8930728995	0.8945467703000001	0.9263590311000001	0.8936480809	0.8936990439	0.8938241594	0.8939400456000001	0.892612077	0.9421252055	0.8930243534000001	0.9999653974	0.9535813379	0.8931368759	0.9253004731000001	0.8960634623	0.960648585	0.8655027771	1.0	0.9291316537000001	0.8648045642000001	0.8954377928	0.9524943213	0.8649458971	0.8646036569000001	0.9327339893000001	0.9630591635	0.9608446352000001	0.8681052555000001	0.9249114584	0.8680376457000001	0.8940572334	0.9259887644	0.9250302192000001	0.8938771702	0.8937957008	0.9417745353	0.9420463506000001	0.8928766789	0.8656488404	0.9947240026	0.9947723154
GCF_003610995.1:313	0.8919371794000001	0.865888341	0.9280216911	0.9223125536000001	0.8650416175000001	0.8653313007000001	0.8924151243	0.8930239348000001	0.9224348376	0.8925248966	0.8928424046000001	0.8930434715000001	0.893054546	0.8914995189	0.9275058155	0.8920984052	0.9290885973	0.9316037407000001	0.8922009469000001	0.9213640705	0.895008769	0.9277637703	0.8650449082	0.9291316537000001	1.0	0.8660849565000001	0.8944534848000001	0.9309064295	0.8654671805	0.8658289586000001	0.9466981731	0.9336931602	0.9279588941	0.8689478666	0.9211624115	0.8689620082	0.8935497672	0.9223190925	0.9211329610000001	0.8924522359	0.8924528368	0.927354263	0.9273896161	0.8919546679	0.8651977565000001	0.9292313968	0.9292661654000001
GCF_004524875.1:314	0.8659875649000001	0.9939899435	0.8648018796	0.8660452493	0.9930699677	0.9917843571	0.8667880457	0.8663949901	0.8665141393	0.8659977433	0.8660221998000001	0.8668390795	0.8665875270000001	0.8657308146	0.8658619303	0.8661657866	0.8649195405000001	0.8663449336	0.8661018181000001	0.8656268691000001	0.8668334788000001	0.8647088673000001	0.9927433370000001	0.8648045642000001	0.8660849565000001	1.0	0.8661623186	0.8649074405	0.9930017800000001	0.9923899745	0.8663064297	0.8671563787000001	0.8648111296000001	0.8682503366000001	0.8657231430000001	0.8682774639	0.8670276131	0.866391102	0.8660521551	0.8660830073	0.8662950825	0.8658320803	0.8656829227	0.8654743446000001	0.9927460319	0.8658572737	0.8657023531
GCF_005234185.1:315	0.9214050009	0.8663075368	0.8942674985	0.8964372405000001	0.8661675324	0.8664227092000001	0.9207081199	0.9226694349000001	0.897391877	0.9224049276	0.9227811583000001	0.9227255765000001	0.922030113	0.9212760943	0.8953208265	0.9221919309000001	0.8954532054000001	0.8966167263	0.9206423511	0.8957988661	0.9688677992	0.8943628060000001	0.8661222835	0.8954377928	0.8944534848000001	0.8661623186	1.0	0.8954590483	0.8663198979000001	0.8661556039	0.8959847637	0.8975936465000001	0.8941950873000001	0.8691557372000001	0.8955632982	0.8691859568	0.9227738306000001	0.8970204661000001	0.8956759112	0.9226733394000001	0.9229759817000001	0.8953084305000001	0.8954723977	0.9212857201	0.8660093445	0.8950974082	0.8951108132000001
GCF_008932075.1:316	0.8924536766000001	0.8649593613000001	0.9488293147	0.9270147689	0.8654665896	0.8657906728	0.8924280544000001	0.8938581415	0.9273952732	0.8932506055	0.8934100147	0.8933600387	0.8933462628000001	0.8922523058	0.9445963736	0.8929534716	0.95256663	0.9749956577000001	0.8924025147	0.9261326	0.8954408903000001	0.9483871747	0.8648457663	0.9524943213	0.9309064295	0.8649074405	0.8954590483	1.0	0.8650986192000001	0.8654248388	0.9337319904	0.9509927616	0.9487813085000001	0.8683318248	0.9258382594000001	0.868325114	0.8938534697	0.9271425056	0.9260552222	0.8933287811	0.8931783277	0.9442453596	0.9446516865000001	0.8920435994	0.8650028734	0.9521870736	0.9522119278000001
GCF_009862355.1:317	0.8662272246	0.9932990003000001	0.8655181089	0.8656272145	0.9932622847	0.9919197963	0.8663971147	0.8666426691	0.8662836902000001	0.8661906371	0.8661917273	0.8665647714	0.8671184291	0.8659221351	0.8656518561000001	0.8659902861000001	0.8649253755	0.8664124075	0.866200924	0.8657777955	0.8667062949000001	0.865152914	0.9935786925000001	0.8649458971	0.8654671805	0.9930017800000001	0.8663198979000001	0.8650986192000001	1.0	0.9920409928	0.8662815917000001	0.8675003823	0.8658526493	0.8671650454000001	0.8658221008	0.8671368703000001	0.8672803536	0.8668666889000001	0.8657913492	0.8671829111	0.8667651745	0.8657720376	0.8661092604	0.8655108128000001	0.9935416564	0.8650239251	0.8650382706
GCF_009862365.1:318	0.8657256801000001	0.9921282767	0.8648969659	0.8663774629000001	0.9919337641	0.9932958949	0.8666578108	0.8667568777	0.8663813048000001	0.8665422238	0.8665837114	0.8663853064	0.8666151897000001	0.8660785698000001	0.8655547219	0.8658606918	0.8646037927	0.8660902993	0.865985922	0.8657758797	0.866712861	0.8645745856	0.992076253	0.8646036569000001	0.8658289586000001	0.9923899745	0.8661556039	0.8654248388	0.9920409928	1.0	0.8664527066000001	0.8673682521	0.8648924290000001	0.8678853289	0.8659897875	0.8678753985000001	0.8669519067	0.8668307118	0.8663128685	0.8659625588000001	0.8659552150000001	0.8657344578	0.8661032625	0.8655352943	0.9920806814	0.8654971751	0.8654776873000001
GCF_009865135.1:319	0.8928978586	0.8664317437	0.9298438101000001	0.9258426405	0.8656913033	0.8657807581	0.8933915241	0.8940570676	0.9255458169	0.8938398987	0.8941248894	0.8945419009000001	0.8939050881	0.8928912328	0.9317332479	0.8932962908000001	0.9326967694	0.9355088098000001	0.8932726877	0.9243720621	0.8960233611	0.9298004599	0.8656066102000001	0.9327339893000001	0.9466981731	0.8663064297	0.8959847637	0.9337319904	0.8662815917000001	0.8664527066000001	1.0	0.9327592043	0.9298103620000001	0.8693203928000001	0.9242992372000001	0.8692851474000001	0.8947579885	0.9254832602	0.9244025926	0.8935372165000001	0.8940815134000001	0.9313234299	0.9317565011000001	0.8928998112000001	0.8656923806	0.9323508016000001	0.9323798164
GCF_009865505.1:320	0.8947205549	0.8673789043000001	0.9620468544	0.9264061964	0.8674475674000001	0.8674956747	0.8946188305	0.8958383228000001	0.9264381727000001	0.8956358289	0.8957963355	0.8958975803	0.8958423661	0.8945370453	0.9414631386000001	0.8950216898000001	0.9631138943	0.9518495504000001	0.8946187872	0.925587401	0.8970473956	0.9620587274	0.8673336352000001	0.9630591635	0.9336931602	0.8671563787000001	0.8975936465000001	0.9509927616	0.8675003823	0.8673682521	0.9327592043	1.0	0.9620644116	0.8701368352000001	0.9252900909	0.8701683993	0.8964647790000001	0.9264042363	0.9252146008000001	0.8954418113	0.8959912973	0.9414333831	0.9415858674	0.8947916408000001	0.8675388925	0.9631734491	0.9631819585
GCF_009872615.1:321	0.8913717293000001	0.8651901152	1.0	0.9231729550000001	0.8649707968	0.8651716496	0.8914528554000001	0.8924720297000001	0.9239752629	0.8923555076	0.8924352209	0.8923813602	0.8925649032	0.8911892349	0.939141581	0.8918411008	0.9608269220000001	0.9497120853000001	0.8914164885	0.9228529533000001	0.8949415113	0.9864523943000001	0.8648748297000001	0.9608446352000001	0.9279588941	0.8648111296000001	0.8941950873000001	0.9487813085000001	0.8658526493	0.8648924290000001	0.9298103620000001	0.9620644116	1.0	0.8681545964	0.9222130813	0.8682130202	0.8934692058	0.9238801541	0.9227563605	0.8925420311000001	0.8924422785	0.9389049006	0.9388846115	0.8914748811000001	0.8649800892	0.9607829192	0.9608191297
GCF_013167895.1:322	0.8690016351000001	0.8678206651	0.8681545964	0.8688964090000001	0.8671217469	0.8669655608	0.8689089821	0.8696703482	0.86836813	0.8692279947	0.8693613226	0.8698770256	0.8688764757	0.8686489155	0.8677190532	0.8686501472	0.8681291279000001	0.8692146311000001	0.868259949	0.8677907158	0.8692086331000001	0.8676004686000001	0.8671128125	0.8681052555000001	0.8689478666	0.8682503366000001	0.8691557372000001	0.8683318248	0.8671650454000001	0.8678853289	0.8693203928000001	0.8701368352000001	0.8681545964	1.0	0.8677485353000001	0.9998431911000001	0.8696076925	0.8684428259	0.8682616347000001	0.8689796606	0.8691937779000001	0.8670181102000001	0.8676903043	0.8680934485	0.8673096129000001	0.8684250984	0.8684409437
GCF_013364315.1:323	0.8948178068	0.8657253167000001	0.9222130813	0.9742506247	0.8653328457	0.8651920387	0.8943016847	0.8951757462000001	0.9930076287	0.8948839852	0.8951955573	0.8956248468	0.8952928245	0.8943575473	0.9253331087000001	0.8949622201	0.9250069654	0.9271429679000001	0.8941416327	0.9924858629000001	0.8958481233000001	0.9221712282000001	0.8649452475	0.9249114584	0.9211624115	0.8657231430000001	0.8955632982	0.9258382594000001	0.8658221008	0.8659897875	0.9242992372000001	0.9252900909	0.9222130813	0.8677485353000001	1.0	0.8678064199000001	0.8960463174000001	0.9927224864	0.9935371204000001	0.8952437372000001	0.8952132030000001	0.9250596392	0.9253146888	0.8942681926	0.8650692718	0.9246071618	0.9246227797000001
GCF_013409565.1:324	0.8690451576	0.8678453103	0.8682130202	0.8689049548000001	0.8671044959	0.8669996898000001	0.8689533059000001	0.8696575253000001	0.8683684957000001	0.8692158510000001	0.8694174644	0.8699165093000001	0.8689237628	0.8686795892	0.8676545999999999	0.8687030776	0.8681539236	0.8691881796	0.8683006203	0.8678070484	0.8692184615	0.8676133444	0.8670830879	0.8680376457000001	0.8689620082	0.8682774639	0.8691859568	0.868325114	0.8671368703000001	0.8678753985000001	0.8692851474000001	0.8701683993	0.8682130202	0.9998431911000001	0.8678064199000001	1.0	0.8696668055000001	0.8684062267	0.8682525225000001	0.8689993009	0.8691840158	0.8670276399	0.8676763178	0.8681153026	0.8672579697	0.8684228871	0.8684392674
GCF_014495705.1:325	0.9633088557	0.8672138527000001	0.8934692058	0.8966349433	0.8664988744000001	0.8666283132	0.9656470879000001	0.9688791555	0.896884435	0.9680416915000001	0.9686997437	0.9696125768	0.9997827232000001	0.9630424521000001	0.8945007402	0.9667101486	0.8941118074000001	0.8954221797	0.9666635598000001	0.8959023423	0.9233097833	0.8936627794	0.8667510969000001	0.8940572334	0.8935497672	0.8670276131	0.9227738306000001	0.8938534697	0.8672803536	0.8669519067	0.8947579885	0.8964647790000001	0.8934692058	0.8696076925	0.8960463174000001	0.8696668055000001	1.0	0.8966551634000001	0.8958991343	0.9639442034000001	0.9693148076	0.8941916757	0.8943636293	0.9574722641000001	0.8665873676	0.8944434431	0.8943522140000001
GCF_016653995.1:326	0.8959754474	0.8668079383	0.9238801541	0.9742725350000001	0.8663646264	0.8664880075	0.8952148198000001	0.8965977518	0.9929282078	0.8964167758	0.8966295804000001	0.8962688408	0.8961999303	0.8953523841000001	0.9260864696000001	0.8959703758	0.9260179906	0.9282982357	0.8949888039	0.9920185689000001	0.8965966818000001	0.9236449108	0.8661081168	0.9259887644	0.9223190925	0.866391102	0.8970204661000001	0.9271425056	0.8668666889000001	0.8668307118	0.9254832602	0.9264042363	0.9238801541	0.8684428259	0.9927224864	0.8684062267	0.8966551634000001	1.0	0.9931246954	0.8965632667000001	0.8964061886	0.9261084441	0.9262270155000001	0.8953762106	0.8662049254	0.9254999417	0.9254798766000001
GCF_017358145.1:327	0.8949576520000001	0.8659496383	0.9227563605	0.9742605070000001	0.8654584160000001	0.8653048565	0.8942538440000001	0.8954608699000001	0.9930514254	0.8953808152	0.8956575554	0.8953858235000001	0.8950556984	0.8945432735000001	0.9252937406	0.8949101554000001	0.9250601533	0.9275088180000001	0.8941603129000001	0.9931455416	0.8959754161	0.9224758502	0.8650317337000001	0.9250302192000001	0.9211329610000001	0.8660521551	0.8956759112	0.9260552222	0.8657913492	0.8663128685	0.9244025926	0.9252146008000001	0.9227563605	0.8682616347000001	0.9935371204000001	0.8682525225000001	0.8958991343	0.9931246954	1.0	0.8952005034	0.8951690352	0.9251610943	0.9253709450000001	0.8944388212000001	0.8651794178000001	0.9246036996	0.9245957427
GCF_018070745.1:328	0.9661487828	0.8658981370000001	0.8925420311000001	0.8959886791	0.8663204729	0.8667272634000001	0.9574452643	0.9704476611	0.8964843765	0.9696343179	0.9702574199	0.97077329	0.9636492937000001	0.9660368413	0.8937732502	0.9704639097000001	0.8938862679	0.8941428941	0.9578072401000001	0.8955467682	0.9219795886000001	0.8925297003	0.8659884759	0.8938771702	0.8924522359	0.8660830073	0.9226733394000001	0.8933287811	0.8671829111	0.8659625588000001	0.8935372165000001	0.8954418113	0.8925420311000001	0.8689796606	0.8952437372000001	0.8689993009	0.9639442034000001	0.8965632667000001	0.8952005034	1.0	0.9709065912	0.8940022711000001	0.8940259795000001	0.9640085453	0.8659259119	0.8933733316	0.8933691025
GCF_018530825.1:329	0.9702331593	0.8662260289	0.8924422785	0.8960282828	0.8663827014000001	0.86616306	0.9609708785000001	0.9917409831	0.8966512502	0.9917152450000001	0.9924708589000001	0.9928249005	0.9691345145	0.9702285072000001	0.8939591165	0.9783201673	0.8937637696	0.8947230434000001	0.961210242	0.8954842887000001	0.9225394954	0.8922571279	0.8661148854	0.8937957008	0.8924528368	0.8662950825	0.9229759817000001	0.8931783277	0.8667651745	0.8659552150000001	0.8940815134000001	0.8959912973	0.8924422785	0.8691937779000001	0.8952132030000001	0.8691840158	0.9693148076	0.8964061886	0.8951690352	0.9709065912	1.0	0.8940277381	0.8940221654	0.9617558223	0.8659322656	0.8935326875	0.8934404235000001
GCF_018614445.1:330	0.8931294125	0.8654643741	0.9389049006	0.9266234262	0.8659809467	0.8657857752	0.8926106935	0.8942924240000001	0.9265175271	0.8942752943000001	0.8944166689	0.8941823446	0.8938324001	0.8930609816	0.9947416618	0.8932291613000001	0.9417713940000001	0.9461587637000001	0.8926727489	0.9255046518000001	0.8960245721000001	0.9387870111000001	0.8650938518	0.9417745353	0.927354263	0.8658320803	0.8953084305000001	0.9442453596	0.8657720376	0.8657344578	0.9313234299	0.9414333831	0.9389049006	0.8670181102000001	0.9250596392	0.8670276399	0.8941916757	0.9261084441	0.9251610943	0.8940022711000001	0.8940277381	1.0	0.9950849489	0.8927328723	0.8652878806000001	0.9414289341000001	0.9415080745000001
GCF_018614515.1:331	0.8931825855000001	0.8659359242	0.9388846115	0.9266374197	0.8657504249	0.8659030360000001	0.8923551566000001	0.8941709151	0.9267500896	0.8937832748000001	0.8938839091	0.8940113365000001	0.8938864961	0.8928159942	0.9958047789000001	0.8931837330000001	0.9420559469	0.9463262397000001	0.8927454605	0.9256478432	0.8958421475	0.9388624557	0.8656243236000001	0.9420463506000001	0.9273896161	0.8656829227	0.8954723977	0.9446516865000001	0.8661092604	0.8661032625	0.9317565011000001	0.9415858674	0.9388846115	0.8676903043	0.9253146888	0.8676763178	0.8943636293	0.9262270155000001	0.9253709450000001	0.8940259795000001	0.8940221654	0.9950849489	1.0	0.8926490841	0.8658255905000001	0.9414327946000001	0.9415083005
GCF_019049185.1:332	0.9581874423000001	0.8655120205	0.8914748811000001	0.8948913904	0.8654421121	0.8655224002	0.9534215541000001	0.9613962772	0.8954598146	0.9605492999	0.9610068719	0.9617525036000001	0.9574237463	0.9578141875	0.8927891886	0.9608257459	0.8928972514	0.8937238161000001	0.9537442113000001	0.8946842268	0.9206568401	0.8913643708000001	0.8656087831	0.8928766789	0.8919546679	0.8654743446000001	0.9212857201	0.8920435994	0.8655108128000001	0.8655352943	0.8928998112000001	0.8947916408000001	0.8914748811000001	0.8680934485	0.8942681926	0.8681153026	0.9574722641000001	0.8953762106	0.8944388212000001	0.9640085453	0.9617558223	0.8927328723	0.8926490841	1.0	0.8654277408000001	0.8923961514000001	0.8923952239
GCF_900207595.1:333	0.8657281040000001	0.9932227761	0.8649800892	0.8655636854000001	0.9932322899	0.9916874104000001	0.8660258655	0.8660466410000001	0.8664125712	0.8660370186	0.8660148461	0.8660141880000001	0.8665880006000001	0.8655967287	0.8654768291	0.8657577003	0.8656612831	0.866283625	0.865801989	0.865404963	0.866277515	0.864775955	0.9999580684	0.8656488404	0.8651977565000001	0.9927460319	0.8660093445	0.8650028734	0.9935416564	0.9920806814	0.8656923806	0.8675388925	0.8649800892	0.8673096129000001	0.8650692718	0.8672579697	0.8665873676	0.8662049254	0.8651794178000001	0.8659259119	0.8659322656	0.8652878806000001	0.8658255905000001	0.8654277408000001	1.0	0.8649079206	0.8648199496000001
GCF_904440635.1:334	0.8926076627	0.8654425361	0.9607829192	0.9252490967	0.8647838286	0.8647033770000001	0.8930503419	0.8935435458000001	0.9256296651	0.8934782328	0.8935335317	0.8940541842	0.8936816986	0.8922840264	0.9416482569	0.8928344060000001	0.9947443083	0.953291564	0.8928592303	0.9246490408	0.8956152788	0.9604852676000001	0.8648474622000001	0.9947240026	0.9292313968	0.8658572737	0.8950974082	0.9521870736	0.8650239251	0.8654971751	0.9323508016000001	0.9631734491	0.9607829192	0.8684250984	0.9246071618	0.8684228871	0.8944434431	0.9254999417	0.9246036996	0.8933733316	0.8935326875	0.9414289341000001	0.9414327946000001	0.8923961514000001	0.8649079206	1.0	0.9998604209
GCF_904440645.1:335	0.8925733834	0.8654813984	0.9608191297	0.9252674931	0.8647882438000001	0.8645462098000001	0.8930517938	0.8934774862	0.9256085534	0.8933909263	0.8935252370000001	0.8941098761	0.8936160575000001	0.8922956326	0.9417192936000001	0.8928091043	0.9947830557	0.9532685457000001	0.8927746684000001	0.9246346487	0.8956306133	0.9605184135	0.8647556797	0.9947723154	0.9292661654000001	0.8657023531	0.8951108132000001	0.9522119278000001	0.8650382706	0.8654776873000001	0.9323798164	0.9631819585	0.9608191297	0.8684409437	0.9246227797000001	0.8684392674	0.8943522140000001	0.9254798766000001	0.9245957427	0.8933691025	0.8934404235000001	0.9415080745000001	0.9415083005	0.8923952239	0.8648199496000001	0.9998604209	1.0
