	GCF_007280575.1:590	GCF_007280585.1:591
GCF_007280575.1:590	1.0	0.9842224943000001
GCF_007280585.1:591	0.9959098879	1.0
