	GCF_014205255.1:653	GCF_014650295.1:654
GCF_014205255.1:653	1.0	1.0000638982
GCF_014650295.1:654	1.0024287127	1.0
