	GCF_000720145.1:223	GCF_001279655.1:224	GCF_001280885.1:225	GCF_003751425.1:226	GCF_004364395.1:227	GCF_004794975.1:228	GCF_004795055.1:229	GCF_008704935.1:230
GCF_000720145.1:223	1.0	0.726275624	0.637832277	0.7110891767	0.6300465826	0.6423742185	0.4000796928	0.6771531391000001
GCF_001279655.1:224	0.7231932277	1.0	0.6340476694	0.7023310902000001	0.6277787237	0.6408854715	0.40144086700000003	0.6634075057000001
GCF_001280885.1:225	0.6462735267	0.6451770372	1.0	0.6238105302	0.9036185429	0.9175982898	0.4128748971	0.6084948613
GCF_003751425.1:226	0.7546021857	0.7484848286	0.6533363445	1.0	0.6529060791	0.6561863358000001	0.4240773738	0.8386313864
GCF_004364395.1:227	0.6284881114	0.6288949639	0.8896100229	0.6137353358000001	1.0	0.8778094714	0.41233603300000005	0.5984322404
GCF_004794975.1:228	0.6097498892000001	0.610929606	0.8596196797000001	0.5869442060000001	0.8352942341	1.0	0.39107759870000003	0.5746240244
GCF_004795055.1:229	0.43358088110000004	0.4369103321	0.4416032086	0.43308658040000003	0.4479716157	0.4465015056	1.0	0.43280030820000004
GCF_008704935.1:230	0.7700311552	0.7576155837	0.682917815	0.898666438	0.6822004118	0.6884010952	0.4541353897	1.0
