	GCF_002007125.1:615	GCF_009296025.1:616
GCF_002007125.1:615	1.0	1.0474277959
GCF_009296025.1:616	1.0316747317	1.0
