	GCF_001905885.1:749	GCF_002099185.1:750
GCF_001905885.1:749	1.0	0.8418407669
GCF_002099185.1:750	0.7677862546	1.0
