	GCF_000647875.1:768	GCF_002094995.1:769	GCF_004794175.1:770	GCF_009862115.1:771	GCF_011055525.1:772
GCF_000647875.1:768	1.0	0.9219923763000001	0.9044123545	0.9999046325000001	0.9128740660000001
GCF_002094995.1:769	0.9283882216	1.0	0.9211453928000001	0.9273983328000001	0.9464052501
GCF_004794175.1:770	0.9597615968000001	0.9707843678	1.0	0.9604676675	0.9643923002
GCF_009862115.1:771	0.9999046325000001	0.9210093071000001	0.9050777062	1.0	0.9128740660000001
GCF_011055525.1:772	0.9482142763	0.9762711809000001	0.9439575678000001	0.9482142763	1.0
