	GCF_002879675.3:188	GCF_016432665.1:189	GCF_016432735.1:190
GCF_002879675.3:188	1.0	0.9344494523	0.9083642820000001
GCF_016432665.1:189	0.9183293317000001	1.0	0.8922331079
GCF_016432735.1:190	0.8720537469	0.87160336	1.0
