	GCF_000952035.2:560	GCF_001294335.1:561	GCF_001729485.1:562	GCF_001984445.1:563	GCF_002090335.1:564	GCF_004125245.1:565
GCF_000952035.2:560	1.0	0.8538465514	0.4658505666	0.4737546064	0.47058093570000004	0.4681195923
GCF_001294335.1:561	0.8705336394000001	1.0	0.4676797999	0.4756561569	0.47492837470000004	0.4698418958
GCF_001729485.1:562	0.5286823876	0.5205843374	1.0	0.8796593052	0.8801409328	0.8481106236
GCF_001984445.1:563	0.5349246935	0.5267767447	0.8751963290000001	1.0	0.9363195922	0.9347226355
GCF_002090335.1:564	0.5214520277	0.5161814816	0.8593776136	0.9188929972000001	1.0	0.8828974408
GCF_004125245.1:565	0.5490408175	0.5404976690000001	0.8765003687	0.97093772	0.9344972779	1.0
