	GCF_006547165.1:214	GCF_006547175.1:215	GCF_006547185.1:216
GCF_006547165.1:214	1.0	0.9890028016	0.9888579366
GCF_006547175.1:215	0.9890028016	1.0	0.9968424672
GCF_006547185.1:216	0.9888579366	0.9968424672	1.0
