	GCF_017876625.1:197	GCF_900290435.1:198
GCF_017876625.1:197	1.0	0.8666508465
GCF_900290435.1:198	0.9718723008000001	1.0
