	GCF_016612625.1:542	GCF_016654115.1:543
GCF_016612625.1:542	1.0	0.8753612311000001
GCF_016654115.1:543	0.8684006672000001	1.0
