	GCF_002188335.1:244	GCF_003112555.1:245	GCF_009495655.1:246	GCF_011317205.1:247
GCF_002188335.1:244	1.0	0.9390628117	0.8731333811	0.8741058495
GCF_003112555.1:245	0.90454089	1.0	0.8552387939	0.8543701379
GCF_009495655.1:246	0.8319310168	0.8459808936000001	1.0	0.8973942686
GCF_011317205.1:247	0.8618209856	0.8745115246	0.9286019812	1.0
