	GCF_009863035.1:363	GCF_019090105.1:364
GCF_009863035.1:363	1.0	0.8778247722
GCF_019090105.1:364	0.8491604872	1.0
