	GCF_000720145.1:223	GCF_001279655.1:224	GCF_001280885.1:225	GCF_003751425.1:226	GCF_004364395.1:227	GCF_004794975.1:228	GCF_004795055.1:229	GCF_008704935.1:230
GCF_000720145.1:223	8726004	6801822	6090039	6699591	6015103	6132700	3987897	6373146
GCF_001279655.1:224	6801822	8763196	6050777	6637239	5991408	6118144	4014992	6264446
GCF_001280885.1:225	6090039	6050777	8612030	5892982	7861510	7973192	4059129	5745107
GCF_003751425.1:226	6699591	6637239	5892982	8222832	5890230	5921230	3984964	7068790
GCF_004364395.1:227	6015103	5991408	7861510	5890230	8747642	7761161	4116515	5738977
GCF_004794975.1:228	6132700	6118144	7973192	5921230	7761161	9192884	4103475	5791563
GCF_004795055.1:229	3987897	4014992	4059129	3984964	4116515	4103475	8051778	3983150
GCF_008704935.1:230	6373146	6264446	5745107	7068790	5738977	5791563	3983150	7673509
