	GCF_001419705.1:573	GCF_001672315.1:574	GCF_008704445.1:575
GCF_001419705.1:573	1.0	0.8312338344	0.8206530915
GCF_001672315.1:574	0.8040532276	1.0	0.8489387223
GCF_008704445.1:575	0.7976897826	0.8530788515000001	1.0
