	GCF_016612705.1:276	GCF_016612725.1:277
GCF_016612705.1:276	1.0	0.9994374941
GCF_016612725.1:277	0.9994374941	1.0
