	GCF_000383595.1:373	GCF_002155765.1:374	GCF_014930355.1:375	GCF_014930365.1:376	GCF_014930395.1:377	GCF_014930405.1:378
GCF_000383595.1:373	1.0	0.6468696117	0.6993242089	0.7066607442	0.7065630413	0.7068016596000001
GCF_002155765.1:374	0.5863830917	1.0	0.88090957	0.8877257877	0.8875274988	0.8869737273
GCF_014930355.1:375	0.5927338253000001	0.8236596437	1.0	1.0218291877	1.0029380422	1.0202639165
GCF_014930365.1:376	0.5788724799	0.8022063279	0.9875727357	1.0	0.9996292785	1.0008106845
GCF_014930395.1:377	0.5847999885	0.8103517366	0.9793758582000001	1.0100048741	1.0	1.0086735957
GCF_014930405.1:378	0.5842311576	0.8087852466000001	0.9949895792000001	1.0098739051	1.0073522659	1.0
