	GCF_008704715.1:248	GCF_013375055.1:249	GCF_014650315.1:250	GCF_018530775.1:251	GCF_900105275.1:252	GCF_900105465.1:253
GCF_008704715.1:248	1	145374	701	135510	335490	338497
GCF_013375055.1:249	145374	1	145593	154977	333023	338907
GCF_014650315.1:250	701	145593	1	139501	334442	341795
GCF_018530775.1:251	135510	154977	139501	1	319283	325866
GCF_900105275.1:252	335490	333023	334442	319283	1	42584
GCF_900105465.1:253	338497	338907	341795	325866	42584	1
