	GCF_000721535.1:403	GCF_001553435.1:404	GCF_001553455.1:405	GCF_001553475.1:406	GCF_001570645.1:407	GCF_001652895.1:408
GCF_000721535.1:403	1.0	0.8790869978	0.8442837958	0.8534260368000001	0.8738991964	0.8685043226
GCF_001553435.1:404	0.8598143936	1.0	0.8310337385000001	0.8387005009	0.9509320501	0.9300920794
GCF_001553455.1:405	0.8848384993	0.8904742343000001	1.0	0.9529277717	0.8950593179	0.8908217396
GCF_001553475.1:406	0.8654286833	0.8695597813	0.922040132	1.0	0.8668240496	0.8689850323
GCF_001570645.1:407	0.8527352794	0.9487013565	0.8333532866000001	0.8341006245	1.0	0.9203881002000001
GCF_001652895.1:408	0.8711906434000001	0.9538812446	0.8526218708000001	0.8595835931	0.946148537	1.0
