	GCF_003865135.1:476	GCF_003865155.1:477
GCF_003865135.1:476	1.0	0.9523175506
GCF_003865155.1:477	0.9523175506	1.0
