	GCF_001905365.1:793	GCF_003752275.1:794
GCF_001905365.1:793	1.0	0.6382848082
GCF_003752275.1:794	0.6263551595	1.0
