	GCF_003751445.1:612	GCF_004795105.1:613	GCF_007829885.1:614
GCF_003751445.1:612	1.0	0.5042744944	0.5533264219
GCF_004795105.1:613	0.5440827862000001	1.0	0.5081211059
GCF_007829885.1:614	0.6486648142	0.5520878425	1.0
