	GCF_004364245.1:281	GCF_014650435.1:282
GCF_004364245.1:281	1.0	0.9168316571
GCF_014650435.1:282	0.9168316571	1.0
