	GCF_000009765.2:258	GCF_001514135.1:259	GCF_002017835.1:260	GCF_005405965.1:261	GCF_005406005.1:262	GCF_009862865.1:263
GCF_000009765.2:258	1.0	0.9612258694	0.9328317925	0.9991437401000001	0.8877376329000001	0.9896617231
GCF_001514135.1:259	0.9794472344	1.0	0.9334296511	0.9968483495	0.8983689918000001	0.9737263764
GCF_002017835.1:260	0.9005448155	0.8843577575	1.0	1.0014595313	0.8520288417	0.8901692074
GCF_005405965.1:261	0.8691000093000001	0.8509720246	0.9023462045	1.0	0.7881895841000001	0.8603495748000001
GCF_005406005.1:262	0.9753759579000001	0.9686939226000001	0.9697051912	0.9955803681000001	1.0	0.9753757169
GCF_009862865.1:263	1.0000003324	0.96559434	0.9317168439	0.9994165490000001	0.8970112595	1.0
