	GCF_002300485.1:644	GCF_900230275.1:645
GCF_002300485.1:644	1.0	0.8792071140000001
GCF_900230275.1:645	0.8878867524	1.0
