	GCF_001267885.1:751	GCF_001632865.1:752
GCF_001267885.1:751	1.0	0.8915319747
GCF_001632865.1:752	0.9195471890000001	1.0
