	GCF_000827005.1:339	GCF_001753425.1:340	GCF_003675345.1:341
GCF_000827005.1:339	1.0	0.9999492123	0.9998691779000001
GCF_001753425.1:340	0.9999492123	1.0	0.9999002106
GCF_003675345.1:341	0.9998691779000001	0.9999002106	1.0
