	GCF_000722185.1:622	GCF_001427245.1:623	GCF_001700505.1:624	GCF_017876255.1:625
GCF_000722185.1:622	1.0	0.5831411783	0.8662173037	0.5792401929000001
GCF_001427245.1:623	0.5615535244000001	1.0	0.5623596127	0.9025122319000001
GCF_001700505.1:624	0.9503534704000001	0.6407003863	1.0	0.6347162626
GCF_017876255.1:625	0.5832754994	0.9437363740000001	0.5825542308	1.0
