	GCF_002154415.1:89	GCF_002300315.1:90	GCF_900102245.1:91	GCF_900105235.1:92	GCF_900105775.1:93	GCF_900187385.1:94
GCF_002154415.1:89	1.0	0.722764566	0.7226453025	0.7229182686000001	0.7233533794	0.7227756884000001
GCF_002300315.1:90	0.6588645252	1.0	1.0113086465	1.0249999572	0.9569250205000001	1.0076500565
GCF_900102245.1:91	0.6683452398	1.0260301523	1.0	1.0236135475	0.9590049671	1.0018119269
GCF_900105235.1:92	0.6635196316	1.0320224685	1.0158391048	1.0	0.9603839120000001	1.0121667644
GCF_900105775.1:93	0.6680240004	0.9694383351	0.9576057218	0.9663219623	1.0	0.9577465538000001
GCF_900187385.1:94	0.6680128012000001	1.0216254677	1.0011329873	1.0192218948	0.9584959804000001	1.0
