	GCF_002879675.3:188	GCF_016432665.1:189	GCF_016432735.1:190
GCF_002879675.3:188	1.0	0.9272891823	0.8878580186
GCF_016432665.1:189	0.911292583	1.0	0.8720853039
GCF_016432735.1:190	0.8523671914000001	0.8519214030000001	1.0
