	GCF_000009765.2:258	GCF_001514135.1:259	GCF_002017835.1:260	GCF_005405965.1:261	GCF_005406005.1:262	GCF_009862865.1:263
GCF_000009765.2:258	1	1377	2570	3119	2256	6
GCF_001514135.1:259	1377	1	1544	2018	1172	1635
GCF_002017835.1:260	2570	1544	1	3463	1818	2942
GCF_005405965.1:261	3119	2018	3463	1	2326	3492
GCF_005406005.1:262	2256	1172	1818	2326	1	2252
GCF_009862865.1:263	6	1635	2942	3492	2252	1
