	GCF_005860785.2:735	GCF_010548345.1:736
GCF_005860785.2:735	1.0	0.8584519168
GCF_010548345.1:736	0.8523926614	1.0
