	GCF_000721335.1:264	GCF_000725645.1:265	GCF_001279355.1:266
GCF_000721335.1:264	1.0	0.9969916097	0.9940952850000001
GCF_000725645.1:265	0.9969916097	1.0	0.9936802611000001
GCF_001279355.1:266	0.9940952850000001	0.9936802611000001	1.0
