	GCF_016612805.1:107	GCF_016612825.1:108	GCF_016860545.1:109
GCF_016612805.1:107	1.0	0.9053514225	0.9031659427000001
GCF_016612825.1:108	0.8454819567	1.0	0.8642959426
GCF_016860545.1:109	0.8834325827	0.9052763591	1.0
