	GCF_000213055.1:655	GCF_002288075.1:656	GCF_900091755.1:657	GCF_900091825.1:658
GCF_000213055.1:655	1.0	0.90589787	0.8596084552000001	0.8292069233
GCF_002288075.1:656	0.9402197049000001	1.0	0.894376112	0.8652481279
GCF_900091755.1:657	0.9155089758	0.9177660934	1.0	0.8475050260000001
GCF_900091825.1:658	0.9569837523	0.9621265581	0.9183791160000001	1.0
