	GCF_006716135.1:538	GCF_014138545.1:539
GCF_006716135.1:538	1.0	0.9787444437
GCF_014138545.1:539	0.9520951296000001	1.0
