	GCF_005981935.1:491	GCF_005981965.1:492
GCF_005981935.1:491	1.0	0.9044363807
GCF_005981965.1:492	0.8366646164	1.0
