	GCF_001592685.1:138	GCF_002943895.1:139	GCF_003116715.1:140	GCF_009299385.1:141	GCF_011758705.1:142	GCF_014197485.1:143
GCF_001592685.1:138	1.0	0.9999374113	0.9946789444	0.9953743604	0.9953972922000001	0.9954344677
GCF_002943895.1:139	0.9999374113	1.0	0.9947178052000001	0.9954489427000001	0.9954404576	0.9954950625000001
GCF_003116715.1:140	0.9946789444	0.9947178052000001	1.0	0.9945842469	0.9946353946000001	0.9945867603
GCF_009299385.1:141	0.9953743604	0.9954489427000001	0.9945842469	1.0	0.9999870549000001	0.9999807017000001
GCF_011758705.1:142	0.9953972922000001	0.9954404576	0.9946353946000001	0.9999870549000001	1.0	0.9999849699000001
GCF_014197485.1:143	0.9954344677	0.9954950625000001	0.9945867603	0.9999807017000001	0.9999849699000001	1.0
