	GCF_018614095.1:610	GCF_018614475.1:611
GCF_018614095.1:610	1.0	0.9736119968
GCF_018614475.1:611	0.989837779	1.0
