	GCF_003949505.1:745	GCF_012034235.1:746
GCF_003949505.1:745	1.0	0.9971349069000001
GCF_012034235.1:746	0.9971349069000001	1.0
