	GCF_014205055.1:787	GCF_900215615.1:788
GCF_014205055.1:787	1.0	0.7513888031
GCF_900215615.1:788	0.7759058404	1.0
