	GCF_000720145.1:223	GCF_001279655.1:224	GCF_001280885.1:225	GCF_003751425.1:226	GCF_004364395.1:227	GCF_004794975.1:228	GCF_004795055.1:229	GCF_008704935.1:230
GCF_000720145.1:223	1.0	0.7794887557	0.6979184286	0.7677730838	0.6893307635	0.702807379	0.45701296950000003	0.7303624889
GCF_001279655.1:224	0.7761805168	1.0	0.6904760546	0.7573993552	0.6837012432	0.6981635467	0.45816526300000004	0.7148585973
GCF_001280885.1:225	0.7071548752	0.7025959036	1.0	0.6842732782000001	0.9128521382	0.925820277	0.47133242680000004	0.6671025298000001
GCF_003751425.1:226	0.8147546977	0.8071719087	0.7166608779	1.0	0.7163261999999999	0.7200961907	0.4846218432	0.8596539489
GCF_004364395.1:227	0.6876256481	0.6849169182	0.8987004727000001	0.6733506012	1.0	0.8872289241	0.4705856733	0.6560598845000001
GCF_004794975.1:228	0.6671138241	0.6655304255000001	0.8673221592	0.6441101617	0.8442574713000001	1.0	0.4463751528	0.6300050126
GCF_004795055.1:229	0.4952815391	0.4986466343	0.5041282807	0.4949172717	0.5112554022	0.5096358841	1.0	0.4946919798
GCF_008704935.1:230	0.8305386753	0.8163730570000001	0.7486935899	0.9211939414	0.7478947376	0.754747665	0.5190780385	1.0
