	GCF_001748165.1:634	GCF_001983975.1:635	GCF_002591335.1:636	GCF_002812405.1:637	GCF_006974005.1:638	GCF_011800555.1:639	GCF_013345665.1:640	GCF_015689475.1:641
GCF_001748165.1:634	1.0	0.8177675567	0.8613615161	0.9190099397	0.861380833	0.7629526715	0.9340360235	0.9381574946000001
GCF_001983975.1:635	0.9310979453	1.0	0.8488881318	0.9265082978	0.8489337887	0.8670984598	0.9418779812	0.9325736942
GCF_002591335.1:636	0.929655738	0.8046771332	1.0	0.9190143064	0.9991767675000001	0.7712464484	0.9289608535	0.9314020706
GCF_002812405.1:637	0.9075618938000001	0.8035998847	0.8408947218	1.0	0.8428864823000001	0.7592219837	0.9049614831	0.9141834668000001
GCF_006974005.1:638	0.9360788833	0.8102621879	1.0060576833	0.9275349633000001	1.0	0.7764502126	0.9386652067000001	0.9377543988
GCF_011800555.1:639	0.8278587697	0.8263453337000001	0.775380979	0.8342023067000001	0.7752736518000001	1.0	0.8227249334000001	0.8330379884
GCF_013345665.1:640	0.9139969969	0.8094877768000001	0.8422516413000001	0.8967165673	0.8452294457	0.7419542828	1.0	0.9103524607000001
GCF_015689475.1:641	0.9346566736	0.8160072704	0.8597592722	0.9222606468000001	0.8597025689000001	0.7648609876	0.926840039	1.0
