	GCF_006539185.1:568	GCF_014655085.1:569	GCF_015710995.1:570
GCF_006539185.1:568	1.0	1.0063737333	0.8561917073
GCF_014655085.1:569	0.9917922702	1.0	0.8444272729000001
GCF_015710995.1:570	0.8540567135	0.8547055403	1.0
