	GCF_016612705.1:276	GCF_016612725.1:277
GCF_016612705.1:276	1.0	1.0001691921
GCF_016612725.1:277	0.9873059162000001	1.0
