	GCF_000720145.1:223	GCF_001279655.1:224	GCF_001280885.1:225	GCF_003751425.1:226	GCF_004364395.1:227	GCF_004794975.1:228	GCF_004795055.1:229	GCF_008704935.1:230
GCF_000720145.1:223	1	464338	524312	494624	517314	527340	496800	464305
GCF_001279655.1:224	464338	1	494493	482574	490060	501939	497087	450876
GCF_001280885.1:225	524312	494493	1	520707	79520	70808	503438	504731
GCF_003751425.1:226	494624	482574	520707	1	521493	525520	497847	172865
GCF_004364395.1:227	517314	490060	79520	521493	1	82398	509547	504106
GCF_004794975.1:228	527340	501939	70808	525520	82398	1	508344	509111
GCF_004795055.1:229	496800	497087	503438	497847	509547	508344	1	498338
GCF_008704935.1:230	464305	450876	504731	172865	504106	509111	498338	1
