	GCF_014205255.1:653	GCF_014650295.1:654
GCF_014205255.1:653	1.0	1.0001143677
GCF_014650295.1:654	1.0024793015	1.0
