	GCF_006088715.1:254	GCF_013177615.1:255
GCF_006088715.1:254	1.0	0.9790110012000001
GCF_013177615.1:255	0.9790110012000001	1.0
