	GCF_001509775.1:220	GCF_001598115.1:221	GCF_002154275.1:222
GCF_001509775.1:220	1.0	0.9504831089	0.9250139195
GCF_001598115.1:221	0.9155955401	1.0	0.8910926029
GCF_002154275.1:222	0.8953122003	0.8953437534	1.0
