	GCF_000297155.3:42	GCF_003932715.1:43	GCF_009862825.1:44	GCF_016919685.1:45
GCF_000297155.3:42	1.0	1.0041826141	0.9562916453	1.0027274551
GCF_003932715.1:43	1.0024859256	1.0	0.9540881855000001	1.003275621
GCF_009862825.1:44	0.9979138627	0.9972995568	1.0	0.9933976132000001
GCF_016919685.1:45	1.0116905096	1.0139567784	0.9604730595000001	1.0
