	GCF_001905825.1:278	GCF_014656215.1:279	GCF_017877015.1:280
GCF_001905825.1:278	1.0	0.601370297	0.8127440118
GCF_014656215.1:279	0.665784585	1.0	0.6592765358
GCF_017877015.1:280	0.8627732337	0.6321479617	1.0
