	GCF_000802245.2:755	GCF_000816465.3:756	GCF_000816485.1:757
GCF_000802245.2:755	1.0	1.0055812117	0.9225723941
GCF_000816465.3:756	0.9737044471	1.0	0.9192012778
GCF_000816485.1:757	0.8851721442	0.9108102294	1.0
