	GCF_003950055.1:267	GCF_004522685.1:268	GCF_011007525.1:269	GCF_013364375.1:270	GCF_014280945.1:271	GCF_018310575.1:272
GCF_003950055.1:267	8082236	7777266	6734705	7875079	6759468	7408712
GCF_004522685.1:268	7777266	8594820	6716196	7768782	6744235	7378590
GCF_011007525.1:269	6734705	6716196	7874951	6754928	7627497	6698656
GCF_013364375.1:270	7875079	7768782	6754928	8359435	6788983	7406015
GCF_014280945.1:271	6759468	6744235	7627497	6788983	8429580	6819863
GCF_018310575.1:272	7408712	7378590	6698656	7406015	6819863	8151966
