	GCF_008634015.1:409	GCF_014654895.1:410
GCF_008634015.1:409	1.0	0.9922563969
GCF_014654895.1:410	0.9922563969	1.0
