	GCF_000721535.1:403	GCF_001553435.1:404	GCF_001553455.1:405	GCF_001553475.1:406	GCF_001570645.1:407	GCF_001652895.1:408
GCF_000721535.1:403	1.0	0.9757731526000001	0.9771777633000001	0.9769021557	0.9757941716	0.9757194107
GCF_001553435.1:404	0.9757731526000001	1.0	0.9763474005	0.9763368224000001	0.9910989661	0.9877004884
GCF_001553455.1:405	0.9771777633000001	0.9763474005	1.0	0.9895812406000001	0.9760828431	0.9762603143
GCF_001553475.1:406	0.9769021557	0.9763368224000001	0.9895812406000001	1.0	0.9762454789	0.9764712721000001
GCF_001570645.1:407	0.9757941716	0.9910989661	0.9760828431	0.9762454789	1.0	0.9870344301
GCF_001652895.1:408	0.9757194107	0.9877004884	0.9762603143	0.9764712721000001	0.9870344301	1.0
