	GCF_002155725.1:687	GCF_014852565.1:688	GCF_014852655.1:689
GCF_002155725.1:687	1.0	0.8867202007	0.8867360274
GCF_014852565.1:688	0.8845369232	1.0	1.0116670686
GCF_014852655.1:689	0.8858327438	1.0131310483	1.0
