	GCF_001278075.1:540	GCF_014070435.1:541
GCF_001278075.1:540	1.0	0.9998846403
GCF_014070435.1:541	0.9998846403	1.0
