	GCF_002891295.1:700	GCF_014203505.1:701	GCF_015475845.1:702
GCF_002891295.1:700	1.0	0.9999257398	0.9962044104000001
GCF_014203505.1:701	1.004922113	1.0	1.0084940217
GCF_015475845.1:702	0.9977586174	1.005045447	1.0
