	GCF_002844215.1:682	GCF_003428925.1:683	GCF_016803985.1:684
GCF_002844215.1:682	1.0	0.9951696604	0.9841831613
GCF_003428925.1:683	0.9951696604	1.0	0.9845081478000001
GCF_016803985.1:684	0.9841831613	0.9845081478000001	1.0
