	GCF_001905505.1:648	GCF_002711365.1:649	GCF_002941025.1:650	GCF_004125315.1:651	GCF_009863285.1:652
GCF_001905505.1:648	1.0	0.8977638453000001	0.8975781685	0.8973389376	0.8977638453000001
GCF_002711365.1:649	0.8977638453000001	1.0	0.9156052343000001	0.9660307646	1.0
GCF_002941025.1:650	0.8975781685	0.9156052343000001	1.0	0.9152166030000001	0.9154952845000001
GCF_004125315.1:651	0.8973389376	0.9660307646	0.9152166030000001	1.0	0.9660861026
GCF_009863285.1:652	0.8977638453000001	1.0	0.9154952845000001	0.9660861026	1.0
