	GCF_002289335.1:795	GCF_002317005.1:796	GCF_013363555.1:797
GCF_002289335.1:795	1.0	0.9593101166	0.9114809269
GCF_002317005.1:796	0.9334772495	1.0	0.9014864971000001
GCF_013363555.1:797	0.9055157260000001	0.9203709967	1.0
