	GCF_000411495.1:782	GCF_000813365.1:783	GCF_001418125.1:784	GCF_001418545.1:785	GCF_011006355.1:786
GCF_000411495.1:782	1.0	0.938475829	0.900956304	0.8484889591	0.9567305821000001
GCF_000813365.1:783	0.9747397825	1.0	0.9455023503000001	0.8985326376	0.9774891366
GCF_001418125.1:784	0.9635926029	0.9736138470000001	1.0	0.9119397193000001	0.9743053507
GCF_001418545.1:785	0.961164152	0.9799854465000001	0.9658902274000001	1.0	0.9703489001000001
GCF_011006355.1:786	0.9352421117	0.9199849799	0.8905119584000001	0.8373575604	1.0
