	GCF_003950055.1:267	GCF_004522685.1:268	GCF_011007525.1:269	GCF_013364375.1:270	GCF_014280945.1:271	GCF_018310575.1:272
GCF_003950055.1:267	1	68023	198802	55558	201749	138065
GCF_004522685.1:268	68023	1	199704	71096	202293	135521
GCF_011007525.1:269	198802	199704	1	201292	51309	197712
GCF_013364375.1:270	55558	71096	201292	1	204455	140716
GCF_014280945.1:271	201749	202293	51309	204455	1	205565
GCF_018310575.1:272	138065	135521	197712	140716	205565	1
