	GCF_000220705.2:483	GCF_001190165.1:484	GCF_001756925.1:485
GCF_000220705.2:483	1.0	0.8541115296	0.8496794081
GCF_001190165.1:484	0.7951582972	1.0	0.9938987330000001
GCF_001756925.1:485	0.7945726491	0.998347293	1.0
