	GCF_008704535.1:566	GCF_014650935.1:567
GCF_008704535.1:566	1.0	1.0096819529
GCF_014650935.1:567	0.973304308	1.0
