	GCF_001542625.1:346	GCF_017874495.1:347
GCF_001542625.1:346	1.0	0.9999776807
GCF_017874495.1:347	0.9999776807	1.0
