	GCF_002910755.1:191	GCF_002910855.1:192	GCF_004305975.1:193
GCF_002910755.1:191	1.0	0.9538404575	0.8945085746
GCF_002910855.1:192	0.9345417610000001	1.0	0.8517365504000001
GCF_004305975.1:193	0.9226860033000001	0.8967094266000001	1.0
