	GCF_000403765.2:103	GCF_000695235.1:104	GCF_000935185.3:105	GCF_003851665.1:106
GCF_000403765.2:103	1.0	0.9947803837	0.9951912486000001	0.9998610706000001
GCF_000695235.1:104	0.9947803837	1.0	0.9950658209000001	0.9946625550000001
GCF_000935185.3:105	0.9951912486000001	0.9950658209000001	1.0	0.9950300037
GCF_003851665.1:106	0.9998610706000001	0.9946625550000001	0.9950300037	1.0
