	GCF_008704715.1:248	GCF_013375055.1:249	GCF_014650315.1:250	GCF_018530775.1:251	GCF_900105275.1:252	GCF_900105465.1:253
GCF_008704715.1:248	9912098	9466197	9959929	9145595	9112404	9158288
GCF_013375055.1:249	9466197	11234141	9442831	9133468	9054981	9142362
GCF_014650315.1:250	9959929	9442831	10088490	9174989	9078471	9161444
GCF_018530775.1:251	9145595	9133468	9174989	9885404	8836475	8919659
GCF_900105275.1:252	9112404	9054981	9078471	8836475	10344370	10000624
GCF_900105465.1:253	9158288	9142362	9161444	8919659	10000624	10467880
