	GCF_002261115.1:211	GCF_004320085.1:212	GCF_009862505.1:213
GCF_002261115.1:211	1.0	0.9859880940000001	0.989950882
GCF_004320085.1:212	0.9859880940000001	1.0	0.9862323140000001
GCF_009862505.1:213	0.989950882	0.9862323140000001	1.0
