	GCF_000952035.2:560	GCF_001294335.1:561	GCF_001729485.1:562	GCF_001984445.1:563	GCF_002090335.1:564	GCF_004125245.1:565
GCF_000952035.2:560	1.0	0.9742351796000001	0.8761518047	0.8768417138	0.8769962883	0.8768684738
GCF_001294335.1:561	0.9742351796000001	1.0	0.8757191126	0.8762759035000001	0.8762971176000001	0.8764525897000001
GCF_001729485.1:562	0.8761518047	0.8757191126	1.0	0.9515972222	0.95038603	0.9521382449
GCF_001984445.1:563	0.8768417138	0.8762759035000001	0.9515972222	1.0	0.9779576977000001	0.9932320029
GCF_002090335.1:564	0.8769962883	0.8762971176000001	0.95038603	0.9779576977000001	1.0	0.9783962982000001
GCF_004125245.1:565	0.8768684738	0.8764525897000001	0.9521382449	0.9932320029	0.9783962982000001	1.0
