	GCF_010548275.1:184	GCF_010550245.1:185
GCF_010548275.1:184	1.0	0.9445056475
GCF_010550245.1:185	0.9445056475	1.0
