	GCF_002573955.1:379	GCF_009735685.1:380
GCF_002573955.1:379	1.0	0.9372840931
GCF_009735685.1:380	0.9397601033	1.0
