	GCF_013364335.1:511	GCF_014284425.1:512	GCF_014295035.1:513
GCF_013364335.1:511	1.0	0.9652512284	0.9635675730000001
GCF_014284425.1:512	0.9652512284	1.0	0.982576195
GCF_014295035.1:513	0.9635675730000001	0.982576195	1.0
