	GCF_000220705.2:483	GCF_001190165.1:484	GCF_001756925.1:485
GCF_000220705.2:483	1.0	0.8213267757	0.8173002362
GCF_001190165.1:484	0.7646364412000001	1.0	0.9937761311000001
GCF_001756925.1:485	0.7642934589	0.9982241424	1.0
