	GCF_014596505.1:608	GCF_014596525.1:609
GCF_014596505.1:608	1.0	0.9999626658
GCF_014596525.1:609	0.9999626658	1.0
