	GCF_002289335.1:795	GCF_002317005.1:796	GCF_013363555.1:797
GCF_002289335.1:795	1.0	0.9997202069000001	0.9971368914000001
GCF_002317005.1:796	0.9997202069000001	1.0	0.9971086066
GCF_013363555.1:797	0.9971368914000001	0.9971086066	1.0
