	GCF_003955715.1:357	GCF_900206255.1:358
GCF_003955715.1:357	1.0	0.7695781224
GCF_900206255.1:358	0.7839007322	1.0
