	GCF_003112515.1:815	GCF_013421635.1:816
GCF_003112515.1:815	1.0	0.5685015603
GCF_013421635.1:816	0.5983912835	1.0
