	GCF_003751445.1:612	GCF_004795105.1:613	GCF_007829885.1:614
GCF_003751445.1:612	1.0	0.5671469175	0.6058904623
GCF_004795105.1:613	0.6119184661	1.0	0.5690938175
GCF_007829885.1:614	0.7102856626	0.6183364049	1.0
