	GCF_003129505.1:348	GCF_003268535.2:349	GCF_003268555.1:350
GCF_003129505.1:348	1.0	0.9021454748000001	0.8802591128
GCF_003268535.2:349	0.9091259456	1.0	0.9737204015
GCF_003268555.1:350	0.9120026337	1.0010882291	1.0
