	GCF_002154575.1:606	GCF_008704575.1:607
GCF_002154575.1:606	1.0	0.8352036907
GCF_008704575.1:607	0.8681917961000001	1.0
