	GCF_003950055.1:267	GCF_004522685.1:268	GCF_011007525.1:269	GCF_013364375.1:270	GCF_014280945.1:271	GCF_018310575.1:272
GCF_003950055.1:267	1.0	0.9912536102	0.9704809639	0.9929450866	0.9701531245	0.9813645071
GCF_004522685.1:268	0.9912536102	1.0	0.9702653109	0.9908485011	0.9700050488	0.9816332118000001
GCF_011007525.1:269	0.9704809639	0.9702653109	1.0	0.9702007186	0.9932731537	0.9704848256
GCF_013364375.1:270	0.9929450866	0.9908485011	0.9702007186	1.0	0.9698842964000001	0.9809997684
GCF_014280945.1:271	0.9701531245	0.9700050488	0.9932731537	0.9698842964000001	1.0	0.9698578989000001
GCF_018310575.1:272	0.9813645071	0.9816332118000001	0.9704848256	0.9809997684	0.9698578989000001	1.0
