	GCF_008039505.1:199	GCF_010384365.1:200
GCF_008039505.1:199	1.0	0.8056407560000001
GCF_010384365.1:200	0.8590116614000001	1.0
