	GCF_001865245.1:576	GCF_009025935.1:577
GCF_001865245.1:576	1.0	0.9996840125
GCF_009025935.1:577	0.9996840125	1.0
