	GCF_002155725.1:687	GCF_014852565.1:688	GCF_014852655.1:689
GCF_002155725.1:687	1.0	0.9953643215	0.9953570679
GCF_014852565.1:688	0.9953643215	1.0	0.9999640976
GCF_014852655.1:689	0.9953570679	0.9999640976	1.0
