	GCF_007363395.1:336	GCF_008704795.1:337	GCF_014203475.1:338
GCF_007363395.1:336	1.0	0.8891407387	0.8877425199000001
GCF_008704795.1:337	0.8618064761	1.0	0.9964873623
GCF_014203475.1:338	0.7881112507	0.9127105213000001	1.0
