	GCF_000721945.1:509	GCF_001513955.1:510
GCF_000721945.1:509	1.0	0.9998892983000001
GCF_001513955.1:510	0.9998892983000001	1.0
