	GCF_001282115.1:558	GCF_002156095.1:559
GCF_001282115.1:558	1.0	0.9994206040000001
GCF_002156095.1:559	0.9994206040000001	1.0
