	GCF_016612805.1:107	GCF_016612825.1:108	GCF_016860545.1:109
GCF_016612805.1:107	1.0	0.8990304848	0.8868228123
GCF_016612825.1:108	0.8395790127	1.0	0.8487936358
GCF_016860545.1:109	0.867446535	0.8890390135	1.0
