	GCF_001418385.1:256	GCF_008704395.1:257
GCF_001418385.1:256	1.0	0.9996503472
GCF_008704395.1:257	0.9996503472	1.0
