	GCF_002844215.1:682	GCF_003428925.1:683	GCF_016803985.1:684
GCF_002844215.1:682	1.0	0.9270750718	0.8910033088
GCF_003428925.1:683	0.921097673	1.0	0.871115531
GCF_016803985.1:684	0.9129871862000001	0.8984012356000001	1.0
