	GCF_003173275.1:24	GCF_003994375.1:25	GCF_004125265.1:26	GCF_004125275.1:27	GCF_008087005.1:28	GCF_009811595.1:29	GCF_009811635.1:30
GCF_003173275.1:24	1.0	0.9664153950000001	0.9021500176	0.9664146949	0.982076288	0.9821511881	0.9223439169000001
GCF_003994375.1:25	0.9664153950000001	1.0	0.9023865835	0.9999777146000001	0.9672440552	0.9661015662	0.9221323961000001
GCF_004125265.1:26	0.9021500176	0.9023865835	1.0	0.90235781	0.902559042	0.9020988599	0.8994654466
GCF_004125275.1:27	0.9664146949	0.9999777146000001	0.90235781	1.0	0.9672580178	0.9661373629000001	0.9221485712
GCF_008087005.1:28	0.982076288	0.9672440552	0.902559042	0.9672580178	1.0	0.9854645822	0.9232909011
GCF_009811595.1:29	0.9821511881	0.9661015662	0.9020988599	0.9661373629000001	0.9854645822	1.0	0.9224317761
GCF_009811635.1:30	0.9223439169000001	0.9221323961000001	0.8994654466	0.9221485712	0.9232909011	0.9224317761	1.0
