	GCF_016612775.1:685	GCF_016654055.1:686
GCF_016612775.1:685	1.0	0.9401562078000001
GCF_016654055.1:686	0.955048059	1.0
