	GCF_003046555.1:411	GCF_004104505.1:412	GCF_004115015.1:413
GCF_003046555.1:411	1.0	0.9753562859	0.9765328342
GCF_004104505.1:412	0.9573827719	1.0	1.0
GCF_004115015.1:413	0.95706857	0.9984673849000001	1.0
