	GCF_005405925.1:659	GCF_009936315.1:660	GCF_900105695.1:661
GCF_005405925.1:659	1.0	0.9876586153	0.9690600082
GCF_009936315.1:660	0.9876586153	1.0	0.9691606273000001
GCF_900105695.1:661	0.9690600082	0.9691606273000001	1.0
