	GCF_002154415.1:89	GCF_002300315.1:90	GCF_900102245.1:91	GCF_900105235.1:92	GCF_900105775.1:93	GCF_900187385.1:94
GCF_002154415.1:89	1	452149	452045	452251	452890	452134
GCF_002300315.1:90	452149	1	642	618	39507	567
GCF_900102245.1:91	452045	642	1	583	38906	298
GCF_900105235.1:92	452251	618	583	1	39373	509
GCF_900105775.1:93	452890	39507	38906	39373	1	38997
GCF_900187385.1:94	452134	567	298	509	38997	1
