	GCF_000213055.1:655	GCF_002288075.1:656	GCF_900091755.1:657	GCF_900091825.1:658
GCF_000213055.1:655	1.0	0.9899235015000001	0.9774918533	0.9906891962000001
GCF_002288075.1:656	0.9899235015000001	1.0	0.9782037841000001	0.9905020346000001
GCF_900091755.1:657	0.9774918533	0.9782037841000001	1.0	0.9792702599
GCF_900091825.1:658	0.9906891962000001	0.9905020346000001	0.9792702599	1.0
