	GCF_002891295.1:700	GCF_014203505.1:701	GCF_015475845.1:702
GCF_002891295.1:700	1.0	0.9998037199	0.9997318939000001
GCF_014203505.1:701	0.9998037199	1.0	0.9998453596
GCF_015475845.1:702	0.9997318939000001	0.9998453596	1.0
