	GCF_001542625.1:346	GCF_017874495.1:347
GCF_001542625.1:346	1.0	0.9947540446
GCF_017874495.1:347	1.0053490541	1.0
