	GCF_001008135.1:506	GCF_014873495.1:507	GCF_900215595.1:508
GCF_001008135.1:506	1.0	0.9994639622	0.9961188172000001
GCF_014873495.1:507	0.9994639622	1.0	0.9962682286000001
GCF_900215595.1:508	0.9961188172000001	0.9962682286000001	1.0
