	GCF_001750785.1:709	GCF_002119225.1:710	GCF_008704425.1:711
GCF_001750785.1:709	1.0	0.9356583918	0.9638388315
GCF_002119225.1:710	0.9115505653	1.0	0.992626906
GCF_008704425.1:711	0.9377110878	0.9912591912000001	1.0
