	GCF_003994395.1:344	GCF_005222485.1:345
GCF_003994395.1:344	1.0	0.9999840353
GCF_005222485.1:345	0.9999840353	1.0
