	GCF_001419705.1:573	GCF_001672315.1:574	GCF_008704445.1:575
GCF_001419705.1:573	1.0	0.9812857150000001	0.9816133528000001
GCF_001672315.1:574	0.9812857150000001	1.0	0.9781945351
GCF_008704445.1:575	0.9816133528000001	0.9781945351	1.0
