	GCF_003248335.1:153	GCF_003248355.1:154
GCF_003248335.1:153	1.0	0.9999830355
GCF_003248355.1:154	0.9999830355	1.0
