	GCF_001941265.1:147	GCF_001949645.1:148	GCF_003584805.1:149
GCF_001941265.1:147	1.0	0.9936941340000001	0.9992102133
GCF_001949645.1:148	0.9936941340000001	1.0	0.9935863089
GCF_003584805.1:149	0.9992102133	0.9935863089	1.0
