	GCF_002846455.1:144	GCF_900105245.1:145	GCF_900105605.1:146
GCF_002846455.1:144	1.0	1.0009571586	0.9557336999999999
GCF_900105245.1:145	1.00094359	1.0	0.9522317321
GCF_900105605.1:146	0.9133160149	0.9099818079	1.0
