	GCF_003112515.1:815	GCF_013421635.1:816
GCF_003112515.1:815	1.0	0.5112853553
GCF_013421635.1:816	0.5381668606000001	1.0
