	GCF_008704555.1:65	GCF_014650375.1:66
GCF_008704555.1:65	1.0	1.0102255973
GCF_014650375.1:66	0.9755805778000001	1.0
