	GCF_001748165.1:634	GCF_001983975.1:635	GCF_002591335.1:636	GCF_002812405.1:637	GCF_006974005.1:638	GCF_011800555.1:639	GCF_013345665.1:640	GCF_015689475.1:641
GCF_001748165.1:634	11596102	9608392	10134276	10810961	10135847	9032278	10970619	11018550
GCF_001983975.1:635	9608392	10184660	8775805	9574681	8777802	9015632	9718695	9626724
GCF_002591335.1:636	10134276	8775805	10744231	10010758	10737608	8461736	10125694	10154532
GCF_002812405.1:637	10810961	9574681	10010758	11742376	10035423	9101439	10779310	10889309
GCF_006974005.1:638	10135847	8777802	10737608	10035423	10670746	8461604	10162625	10155247
GCF_011800555.1:639	9032278	9015632	8461736	9101439	8461604	10686940	8977295	9090405
GCF_013345665.1:640	10970619	9718695	10125694	10779310	10162625	8977295	11850342	10927879
GCF_015689475.1:641	11018550	9626724	10154532	10889309	10155247	9090405	10927879	11639536
