	GCF_008704535.1:566	GCF_014650935.1:567
GCF_008704535.1:566	1.0	0.9999208190000001
GCF_014650935.1:567	0.9999208190000001	1.0
