	GCF_001685355.1:194	GCF_003344445.1:195	GCF_014083905.1:196
GCF_001685355.1:194	1.0	0.9999391611	0.9999623717
GCF_003344445.1:195	0.9999391611	1.0	0.9999662228
GCF_014083905.1:196	0.9999623717	0.9999662228	1.0
