	GCF_000952035.2:560	GCF_001294335.1:561	GCF_001729485.1:562	GCF_001984445.1:563	GCF_002090335.1:564	GCF_004125245.1:565
GCF_000952035.2:560	9307519	7947193	4335913	4409480	4379941	4357032
GCF_001294335.1:561	7947193	9129105	4269498	4342315	4335671	4289236
GCF_001729485.1:562	4335913	4269498	8201357	7214400	7218350	6955658
GCF_001984445.1:563	4409480	4342315	7214400	8243179	7718250	7705086
GCF_002090335.1:564	4379941	4335671	7218350	7718250	8399509	7415905
GCF_004125245.1:565	4357032	4289236	6955658	7705086	7415905	7935716
