	GCF_006088715.1:254	GCF_013177615.1:255
GCF_006088715.1:254	1.0	0.8228329124
GCF_013177615.1:255	0.864125774	1.0
