	GCF_005860785.2:735	GCF_010548345.1:736
GCF_005860785.2:735	1.0	0.9903684967
GCF_010548345.1:736	0.9903684967	1.0
