	GCF_003671715.1:789	GCF_018070535.1:790
GCF_003671715.1:789	1.0	0.7556310738
GCF_018070535.1:790	0.7330812816000001	1.0
