	GCF_003675955.1:203	GCF_014205315.1:204
GCF_003675955.1:203	1.0	0.9959178561
GCF_014205315.1:204	0.9986441125000001	1.0
