	GCF_000010605.1:365	GCF_000177175.2:366	GCF_001723115.1:367	GCF_009862245.1:368	GCF_009863155.1:369	GCF_009866455.1:370	GCF_900091905.1:371	GCF_900105705.1:372
GCF_000010605.1:365	1.0	0.9313909582000001	0.9280692596000001	1.0	0.9313909582000001	0.9942594889	0.8851516318	0.9966563027
GCF_000177175.2:366	0.9115769549	1.0	0.8615491424	0.9108720507	0.9999973659	0.907922333	0.8639494814	0.9202197331
GCF_001723115.1:367	0.9789097602000001	0.9284980701000001	1.0	0.9788845815	0.9296404915	0.9929568782	0.8909144296	1.0018813666
GCF_009862245.1:368	1.0	0.9306707322000001	0.9280453886000001	1.0	0.9313909582000001	0.9942594889	0.8851516318	0.9966563027
GCF_009863155.1:369	0.9115793560000001	1.0	0.8626114622000001	0.9115793560000001	1.0	0.9079247245000001	0.8639517572000001	0.9202221571
GCF_009866455.1:370	1.0026637015	0.935498138	0.9493441227	1.0026637015	0.935498138	1.0	0.8946376443	1.0147227534
GCF_900091905.1:371	0.9183843986	0.9158700375000001	0.8763559612	0.9183843986	0.9158700375000001	0.9204462718	1.0	0.9232475201
GCF_900105705.1:372	0.9869252040000001	0.9310415110000001	0.9405737439	0.9869252040000001	0.9310415110000001	0.9963930119000001	0.8811506163	1.0
