	GCF_014649915.1:571	GCF_014748315.1:572
GCF_014649915.1:571	1.0	1.005781717
GCF_014748315.1:572	1.005098228	1.0
