	GCF_000819545.1:584	GCF_008704995.1:585	GCF_014205035.1:586	GCF_017352335.1:587
GCF_000819545.1:584	1.0	1.0007981478	0.9987053594	0.9798576894000001
GCF_008704995.1:585	0.9932686505	1.0	1.0078864347	0.9811003724
GCF_014205035.1:586	0.9888094585	1.0054641632	1.0	0.98161696
GCF_017352335.1:587	0.9918186147	1.0006045074	1.0035431981	1.0
