	GCF_001047325.1:217	GCF_001270485.1:218	GCF_001270495.1:219
GCF_001047325.1:217	1.0	0.9493356644000001	0.9395348216
GCF_001270485.1:218	0.9811937353	1.0	0.9855898685000001
GCF_001270495.1:219	0.9700545287000001	0.9845653039000001	1.0
