	GCF_009650765.1:240	GCF_009862625.1:241
GCF_009650765.1:240	1.0	0.8986159967
GCF_009862625.1:241	0.9384675652000001	1.0
