Mu: 5.509066784608581
Size: 0.02149206378911771